actual,predicted
350,1536.78606852
5407,1746.4941495
2144,1440.26431607
3138,2650.89076363
54383,2445.32232385
1056,1737.86048089
645,2402.25725761
409,1474.01668239
16354,2137.79119127
448141,2658.93171629
9135,2340.84198752
783,2787.13597491
2618,3092.17477404
10569,2474.98438463
613,1393.92456042
97411,1938.67585201
700,-105.766254952
762,2231.88287047
259,1038.66804249
437,1638.33051977
3005,1225.53591129
95383,2301.24494569
3857,1989.47134132
771,2403.59349739
1636,1411.34355913
3007,1771.17857587
586,2974.96720598
211,1121.5964483
17953,3137.68891855
1977,1939.2884036
2467,1751.72645808
5387,2176.49374778
4842,2392.51673961
21695,3389.42101242
354,2493.2437378
298670,2355.54624041
324310,1367.50362095
651,2178.45277693
876,1143.8568716
1034,2497.29848854
5771,2695.7404578
314,1871.83075719
2438,3259.82593642
779,1324.83469189
205,1764.61024826
1515,2518.97769507
476,1739.54647863
7030,1579.54438343
67226,1154.28615163
4782,2562.73105393
352761,1181.19996795
858,2715.69335292
931,2578.718518
862,1800.16330834
1558,2782.88706216
6366,2775.84225597
1751,1869.22433798
2657,3034.05890743
1904,2581.5391592
2400,1758.06225565
6529,3065.44030859
183,2391.2884036
803,1053.75551457
168,2327.03818524
14824,1613.97358302
704,2478.88823295
61014,2755.218184
807,2952.78317049
630460,2100.68081989
635,2096.38713186
897,1679.32311726
996,1580.99070844
65171,2577.19612119
1787,1991.02914421
167,1865.5539815
775959,3234.80512837
289,1694.22834683
80201,1394.91008427
1512,2701.15909795
18000345,1994.09015128
538,1784.02164916
6035,2629.80512837
2325927,2729.03799458
821,2468.92539958
1727,1989.68701566
2481,2263.86901822
4840,3021.76834124
637,2660.12897177
757,1417.99648625
61827,2455.91618444
72783,1637.33691532
4764,2588.04542338
8801,2093.28700635
167,1458.04372721
1303,2552.74400263
18662,3171.01260659
1412,928.372150952
468,1276.88170723
4491,1609.8410169
5566,2779.80512837
3243,3032.42849292
787,2137.2884036
1118,1402.43226286
3130,2822.89372806
572683,3382.96667553
383,2863.29862926
324,1830.55464327
18549,2202.6266792
2461,1823.47228409
218,3030.63808275
798,2557.98689783
10426,2465.64915411
836,1116.97932058
366,3077.93880701
24837,2130.25190661
2950,1450.94544909
695,2392.22479641
7731,2900.65851323
1759,2066.41139848
2984,2713.09623433
1314,621.928919404
42942,-111.375771854
253,2499.40527976
4443,2347.2885356
468,2032.91929656
660,2765.57909553
3108,2526.48968536
274,2737.30925888
463,1606.72564563
355,2036.66452766
2504,1956.68464365
325,1474.47100402
3002,2910.18454938
316,1851.68985299
531,2667.12693702
1788,1502.07929319
1153,2097.58658662
809,2961.65483789
356146,1934.61731447
886,2601.07394184
19206,2762.37792451
3616,2704.82197572
190,2235.73298867
5057,2071.75345954
9170,2692.77834254
251895,3908.94689937
824,2345.53514543
4979,1785.10497284
13293,2028.80508246
88973,2842.51618445
484,1171.20583343
254864,2725.63762756
37501,1611.47974414
5996,1704.46364635
749,1384.83612571
492345,3029.10241158
1363,969.171532059
733,1498.31040772
4819,1486.14616056
79974,2233.73767149
166,2613.13224833
20538,2907.74965872
68,539.101766908
328471,2480.59245059
1442,1104.76645812
121,2501.7200853
3055,2208.11998434
74748,3122.62611963
961,2501.75413875
2605,1141.49172335
46671,1908.8499396
368,1440.25191833
315,1792.23928165
1351,2698.05194356
491,2227.80841936
313,1242.92283171
8837,3064.91669885
10743,2742.16102806
89,1126.98431251
538,2497.89106931
729,1643.93734516
17214,2392.57708614
779,1244.51679304
2028,2442.50225887
134,1523.13109083
35608,1803.68152385
1325,3245.99866204
3159,2731.09141255
1235,2724.86995382
1936,1367.31013251
1656,2523.26800358
111,1800.63222911
1662,2628.17018347
31598,2637.82711646
31353,1682.50355593
2347,1807.91850826
927,2840.97328266
1255,1094.29943167
101,1321.7607727
1978,2633.73696622
351,1066.940231
852,755.082835589
1786,1844.2884036
389,437.839165328
130,888.065914918
1696,2768.84216744
672,-31.1320981147
724,2619.20400419
171,1196.64758881
649566,1765.25843302
58891,3149.55906678
15172,1501.67784639
17979,2043.07429686
38656,2446.60847328
28177,2189.67415778
482,1571.31040772
1060,2976.02627288
151587,2077.88935569
1329,2755.04265083
14518,1702.6028331
227939,3736.34376154
15214,1862.26875878
3221,1990.06673759
28536,2641.9955898
1323,4460.00833297
9373,2777.35711953
1913,1512.31040772
714,2262.22404707
189,1187.29832633
9196,2562.58002723
950,3032.74378088
682,2792.65081867
3128,2448.94473255
302,2369.50751381
2708,3076.20707757
89,931.167956847
3045,2992.4810569
2476125,2583.94738758
128,2281.77045044
122938,2678.66076461
4281,2709.87337623
533,2040.88935569
2982651,2822.81272892
557,1579.6080764
180,1846.80825479
72798004,2797.08219247
1293,2307.18721907
1939,2372.6150826
142,1585.42304667
945,1699.09204803
2742,1356.33960045
1502,1698.37563134
1767,1666.78430158
88140,2891.80512837
699,2916.97498423
326,1320.9797275
735,1208.9659206
520,1743.48579266
1549,1691.67813975
1830,2358.24092597
377,1949.09626909
5824,1043.9850037
260733,2158.90255629
1130,451.22335925
9665,1913.76875702
1222,1127.23518215
364,1693.76438029
286,2173.89371078
406,1723.14020311
592,1969.16287538
652,1788.32373346
147,1460.68437678
3743,3142.44303384
260557,1676.63388177
24929,3031.49867226
966,1916.23293394
64,583.668579008
9984,1000.94251248
649,2669.09710533
2152,2535.61980364
168,1130.94090337
4390,1280.24121241
825,1499.39479876
3997,3183.08394309
589,1641.49381561
24019,1236.7363547
171080,2359.32546349
48395,2727.80512837
281,1619.80835059
254,897.751615083
4734,2714.21202014
11547,574.057296705
668,1369.12916655
2289,2429.83170664
1682,1750.32172689
50355,2685.60452689
207019,3245.15775329
34170,2924.34907152
74599,1509.68825323
8352173,3030.62284731
109,1693.05095917
260451,2473.38805677
242,2579.03047329
41604,2071.81284782
59595,2180.76509245
311521,2687.62133032
306,1983.52560862
152,905.060316825
618,3088.40772742
680,990.64160781
9755,2935.35759174
286,2587.0861407
1478,589.636980837
14031,2605.37591719
8319,2750.19049414
11964,2795.1921545
1264,356.925017986
281,1197.74846221
54645,1371.99621958
253,1836.95278695
463,1373.88297522
1191,1452.21293021
16937,2932.37191313
1932,2598.26915042
76664,2973.72595761
4274,2038.5870468
120,2214.45847794
632,588.080480684
7198232,2636.37072471
13298,2749.93683716
367,2397.77314587
1533,2254.88821244
217022,2166.03647357
7806,1839.85460834
2596,2608.44003727
735,1653.52687698
260,1028.08090037
8079,2548.29848854
26875,2556.07871063
1308,2639.89408699
134,1807.92571228
382934,2707.84544214
79548,2883.67563887
6022480,2596.85330741
47866209,2677.69386032
1627,675.348975635
114297,2598.08845976
147,1343.61855763
1228,2460.47557531
378,1548.27869953
1967,1881.89850255
381,946.870118614
419,2519.56456078
352,2455.92923913
901,1341.52362138
340,1729.36336936
1110,2482.72821107
1569,2335.26312184
229,2034.98222127
1519,2438.41361661
410,1091.8590593
334,2374.61669532
314,2203.57949102
5850,2710.77834254
1795,2158.0773741
3124,2742.53513896
306,1981.2884036
1893,2458.94308034
4984,3263.43568439
146,305.092525388
181,2598.19850281
1203,2756.91820829
947,1226.32721376
1863,384.741516784
357,1993.43676523
1113,1900.73920397
545,1893.09980562
209893,2550.24290684
1217,1504.77987929
272,2811.02025823
19325,1841.42370092
4106,1774.71298027
805196,2861.03221456
1740,1832.29728309
134,1394.90594302
3209,2179.88636339
1041,416.621678994
6303,1057.30717825
78425,1890.23411483
1784,2052.86676367
815,1320.31040772
29028,2210.33610131
2892,1469.28449623
3973,4085.27093198
391,2275.37032297
22831,3517.88347252
386,1100.32645819
528,2540.18028555
719,2689.12900014
42292,1270.07559089
68735,1718.73389392
389,1495.00984563
6024533,1196.55984637
1788,3402.41184642
2163,1338.49740667
2045,1543.85897324
1057,2287.35285824
145367,2694.63005793
1607830,1995.9579797
42872,2545.56314451
4986,2969.41943242
294,1216.6676931
1357,2029.38219109
4375,3144.75257955
579,841.559775265
799,1915.36530852
497,1939.59326029
82638,2548.33519785
1008,2596.80512837
10418,2773.80512837
3310,2911.31649508
703,2452.91748858
340,2131.88935569
881,2723.84137142
105,2501.03032373
550,2655.83328391
724,1216.55933406
223,763.363246044
148,1962.08027926
455,1492.90924212
267132,2683.47281712
195,1520.53371955
1765,1850.5067727
78563,2566.3941363
9696776,2192.08403478
14915,2036.79632652
954,2165.15714837
1006,1330.82542638
67,1004.2196107
535,1658.35210606
262,1976.68452796
2083,2264.21406053
5276,2565.80512837
482,2136.02386904
10584,1338.32871758
380677,2454.04265083
296,2757.93501617
834753,2664.80512837
8554,2670.0761768
222,643.03215633
23614,2109.70599212
334,1394.13736818
267788,1941.23282001
819,731.983104171
1536,1632.42120353
276672,2060.53349043
0,2499.08807437
9404,3471.57716189
766,2491.29848854
1962,1135.27785925
557,1664.09266057
471,1525.83278759
528,1586.4216979
24423,2452.88005301
5108,1213.75125209
1565,1256.95482177
12153,2574.12932711
19279,2584.57285668
319,1725.33583541
1495,1538.8759903
10326,2930.53784204
898,1174.52167538
321,1581.30035879
2069,1009.52252797
844,2259.11837905
1111655,3131.94879535
70196752,1809.2884036
805,1363.24367349
245,2735.98665215
375,1301.18275349
1069,1395.1883472
960,1605.61295858
2928,2323.7818606
851,1562.42239392
2112,1056.0420945
408,1681.70861544
10912,2841.12781471
87,2373.72158621
674,2221.48587134
68063,2583.17781141
2902,2860.14074521
462,2854.28997889
372,2999.25890003
637,1259.74084991
902,2249.94196438
564,2173.31040772
1294,1766.38883225
2369,1242.56349812
349813,2355.07580112
1344,2659.90807171
459,1728.2727543
8109,2723.87716723
10849,2524.77412191
610,1766.59924
390,2461.2485018
2887,2405.95926838
2344,2500.29323757
7166,2774.55420642
545,1992.71607043
27059995,1521.53987055
6448,2648.88465247
5820,2801.18134326
929,1568.87474716
282,1061.34391505
566,1246.16480449
4379,2305.26960195
5652996,1956.97242041
208,1576.98158585
89986,451.707255949
4479,2038.45055036
380,2473.33618893
752,2069.28536155
752,1369.1505692
340989,2154.35877722
198,1318.38913369
0,2619.26176651
145694,1935.3239271
2008,3358.55913307
48179,1921.65460608
51781,2495.79739122
1173,2089.86042676
807,2745.64362583
739,2453.953296
191624,2595.29848854
45750,3272.44630653
38562,1674.22050126
482,2684.54493652
12955,3026.24219207
532,1702.86922845
872,2971.43386284
526,1353.75218935
9403,1846.36248172
253,2486.89346431
380,2697.21792645
325,1659.21844891
109590,1840.14037875
611,1237.11996122
2923,2602.20830778
30655,3029.37291571
128,833.498541943
15455,1916.89503103
282,1852.29509289
3886,1696.51999663
1752,2120.06094796
659,2382.10471767
4220,2759.43812148
748,1482.34040538
2804,1923.92462766
947,3007.32015991
6559,2830.68891855
239,1730.50956408
1141556,3193.34855696
326,1236.94556543
1845,2531.11707289
2649801,3179.50456628
2293,2384.17952096
1386,2358.57038017
955,2146.10472645
211,1636.94548704
2051,1806.60811649
538,1270.48654027
1087,798.28859031
79127,3056.98265771
1055,1517.03038239
1828,2537.08086157
1062,2079.58526043
1176,1846.02497443
426342,2578.05282824
92671877,1140.27909986
312,1551.29529954
4267,1929.99741159
11449,2235.16890748
615642,2706.92330029
51348,2659.75936248
7689,2089.73087283
91,1521.2461168
2308,1294.4765648
225,2575.50115811
703,2813.80512837
825939,2210.43829461
189,1538.92642576
1232,2817.53427353
570,1577.63290318
38115,2226.75778073
481,2005.9085836
287967,2642.52466199
1306,2458.81574791
51138,2293.17952096
604721,1812.20156114
547,1699.6784619
170,2671.85698275
23829,2319.91939523
32048,2551.81710766
4522,1215.69357262
369,2717.49814818
15628,2260.01921113
691,2322.111475
1866,77.3661022704
22760,1884.07835397
880,3083.19734433
534,272.199486089
246,2863.94313144
765,1388.95972466
65044,2268.25287512
613,674.507275829
1133,2524.87819966
51987,2318.21406053
71,1484.98390196
2724,2896.07819802
2437,1529.30388726
308,2753.57869884
240,2573.29379771
443,899.993242338
248233,2859.01392681
118,2688.6713943
2961,2081.50772805
84758,3108.57545141
250,1577.26900798
75804,1945.81904868
2545,3445.77199047
898,2471.59659257
707,1378.81127425
7682,2806.3187764
5646,2640.05825739
304,2457.75383146
2567,2728.13985545
9032,2613.80512837
2935,2903.5752918
749,1950.0777961
717055,2661.80512837
5985,1351.0934146
811,1361.66651905
120381,2219.49321249
3919,1007.21645606
2359,1593.05261527
5450,2738.38257024
952,2513.3234877
550,1450.4671822
1237,1577.86738654
46855,2210.21406053
707354,2997.06871377
2059,2210.67605808
1893203,2531.45145672
6227682,1826.67618707
4285,1563.85593104
4382,3435.63092666
276,2834.43489669
3549,2099.7600596
13880,972.418135579
82390,2672.80512837
597761,2498.29848854
10315,2608.03774483
507,1831.2884036
712,2243.21406053
5960,2507.54531628
56945,2582.82711646
25197,3080.56624624
847,1398.60096055
72644,2995.6427872
65328,2111.65471044
7838,2673.50063476
197,1956.22505515
120,1198.51665457
8289,2390.38647153
416,1204.03640231
923,1795.60811649
18582,2198.26382337
14154744,2744.00625252
131,2004.62672199
927,2351.9151141
421,2009.23293394
19625,1891.4254238
263918,3039.63849569
747,2750.96996394
327,2873.30536253
201,784.143493716
32173386,2118.01207883
387,2023.88935569
31268,1793.09263519
5241,2861.43536942
46959,2849.99277802
1348,1740.24954616
42234,2285.65513149
512,1342.86368445
2125,2551.80483162
236,1506.09770403
700,2919.22878607
2533,2649.25210687
833325,2959.90280797
144,1368.0750783
569,2346.37465683
116,1493.75503474
39286,2530.56475094
395,1386.61858933
2455,2354.07884359
1180051,1011.77102224
78923,1055.08887365
285,1467.71297447
413725,2848.5776505
932,2310.7357571
273,1198.94936883
251,1560.47503911
15435,2096.17200169
0,2704.81521408
849,2721.60625168
622,1237.56324433
765,1868.5313951
9452,1708.71167326
2644,1956.95046059
2557,1138.20488619
882,1979.88935569
421,1190.07003029
4546,2611.58147782
2186,2324.62616495
2382,2928.41850214
137,1894.2884036
9821,2666.67582037
350,1438.90696396
179,2140.2884036
1709340,1761.68990894
1428,3373.30346303
381,641.292674022
870,2397.97384183
2785,1923.67840068
1738,3197.0899541
727,2776.21572028
136,3713.43934577
320,1548.55524192
424,2626.80512837
7001,1576.69049703
2177,2020.94811946
14691020,3260.80042515
190,1557.49526948
606,2644.6474827
702,2391.56139404
532,1650.53543787
319,2547.02170444
2973,2819.63321353
79026,2135.3217098
230,688.233579757
916,-11.0529509916
26999,2378.05019577
11189,1978.46678832
9551,873.919886474
1077,1198.51132194
343,1832.06217223
731,1937.86916072
208,1550.15315036
6301,3256.70068948
9965,2598.80512837
1695,2108.88935569
341,1823.34740256
40990,2189.8473554
1313,4657.94582002
6311801,2802.80512837
13467,2623.70458451
109787,3314.14908821
494,1980.77092027
990,2074.24301242
656,610.657534686
1038479,3036.83224321
1445,1656.52422457
305,2004.59558791
642,2142.62711616
175889,5443.3927426
160,1974.30778687
73658,2197.91423269
35847,2288.49227625
514,1688.6104505
899,2202.98555013
57,1760.04061423
209,921.856368884
68922,2747.62239723
239,1353.12576442
439,2626.04130197
425140,2712.27525946
2841,2828.38390637
1097,1635.18603351
233,1107.33587723
30821,2214.30705496
838828,1823.80285778
4369,2992.75251917
7424,2128.47806031
30773,3992.02702592
192,2006.25958961
219,1541.95315186
5484,2829.41213942
3999,2639.59349739
171656,2959.13245076
152088,1937.08125217
2901,2310.67193847
6712,2354.74388051
7645,2749.58763821
208,2184.97128948
9355,2699.17133086
457,1765.37627135
14378842,2957.85617802
3791,2641.46896478
273,1669.04986308
5284,1592.1364842
22697,2012.20451203
17046,2399.60916166
1416,2084.69562848
13708,2572.17354414
4493,1994.06590263
1127,1632.61129157
462,1351.29979037
298,2061.57873136
21247,875.258082353
313,2312.14876715
377,1068.22239588
249,765.726233787
8746,1989.92849274
50441,2784.40595915
23021,1673.17889599
2355,1600.25757349
18332,2248.53602295
1190,1556.09851177
317,381.689621039
549,1459.59154048
600,2727.69879273
626129,1856.56311566
849369,2859.00959945
13095,2819.80512837
1610,1782.07140303
2813716,2604.28634719
657,1959.35793517
2002,692.548736996
68625,2081.5539815
21389417,2506.29848854
41543,1980.69373563
0,3095.33499913
1758,1601.65479438
360341,2638.72071301
605,2796.16204882
213,1417.88672944
310,2819.63494114
45232,2498.97901342
426,861.735927842
2280,2911.53469449
259999,2135.60216053
117,2917.42907174
920,1670.43779745
776,2094.29693632
2505,1360.39070587
8861,1642.87519735
3029,2579.80512837
327,2549.58147782
6544,1147.64238741
150,415.995486813
601040,2758.56100903
77864,2319.54060988
163827,2855.84076574
2707889,2312.40983602
321,1891.37033739
4210,2185.96071298
2136,2284.5539815
75542,3704.17260074
375161,2996.73101115
1149,1968.10736174
506,2384.92145386
235,1360.51484525
1379,2186.73151083
787982,2123.14977173
759654,2712.26843376
383,1428.13416828
358,2782.05303979
5389,2551.48890943
132,1815.43568439
308,1273.01563822
405,3012.32604761
406,1697.21642092
1492,1749.45273098
852,1537.97142076
1397,2169.32352773
12158,2184.71157201
678,1516.00269395
503,732.737127325
11997,1737.56041305
6486,2472.5583869
609323,2204.75952538
62429412,2604.75155671
15299,1551.77984722
4385,2730.02628886
480,1636.42877866
2129,1613.28871752
265,2431.99400555
866215,3159.68891855
21701,2570.78246705
2043,2751.25111306
315,2315.52443989
162,1966.50725228
3590,2851.24887953
18597,3248.65774841
101871,2671.19158311
10251,2378.88935569
30481,1510.03032802
19184,2698.47082377
71643,2828.57708614
145,2787.01053427
11373,2818.36243711
1621787,3407.20794464
1937,2373.31279085
687,3467.09693178
2100,1616.98985375
1717,1807.3947986
575,1580.80394593
59041,2828.61037113
162,2085.63728697
852,2500.258447
558,836.36837477
9692,1248.38615933
76093,2786.68373847
670,1783.42928068
120776,2592.95240917
1787,2574.02676127
171446,3485.35128649
20866,2577.1054752
548,389.126121163
951,2449.230287
1348,1386.85735792
1497066,2413.97799816
691,1098.28072873
35253,1836.37538621
50651,2145.41491009
6284,2620.91603875
13263,1703.89115158
2474,2850.08239938
555,2537.93171629
144632,1840.19288406
440,412.270474696
2650,2429.2548999
232,1585.09564993
239,1657.92453314
1013,2467.92278124
66124,2716.31661663
796,1846.75321127
1534,3378.34216145
693,4478.97212637
1026,2341.69785306
2300,2376.3102862
257648,1610.19366239
7225,1461.13408754
1917,2846.43274856
1394,2503.61842708
1923,1845.38540697
920,2041.61171569
6854,2561.14620383
12057,3383.55523981
1781,2949.15757844
110,1503.48933717
259,1290.71288493
2503,3272.29379771
623,1298.81201035
477374,2652.51646227
344,2616.80512837
404,1871.19335189
41849,1137.22698778
772681,2760.85475764
3238,1866.57867799
700238,2550.92822676
6501,1256.39808585
132806,2650.72527541
425,1458.45768851
6347,2868.06304496
10805,1458.08571553
27148,2442.65722254
8283,1955.33324966
3564,2789.36041042
1690,2447.4587882
16231,2334.30418144
127,1446.48837894
1251,1818.41499151
1647,1807.88935569
595,1972.20459301
201,2506.80512837
1322,2707.12055473
131,1417.6815572
108221,2461.90587385
337,2388.49039999
868,1551.54657289
496,1654.011313
197,1193.39612454
25252,1856.08250855
7254,1818.93112143
240,-432.063338961
75685,2157.33316341
1377,2571.97561467
14457,3758.22803549
3404843,3237.69179347
