actual,predicted
949,589019.534897
33588,325440.800229
5936,299262.922449
164,-11480.8754101
17806,425725.295675
5000,735928.684692
1524,-67098.7782489
47810,186383.179313
18512,1234642.69481
1161,1188688.12375
104563,1567438.7551
5534,1894733.00697
242386,927414.854801
4365,3804675.16541
244,198292.654917
1004,550154.705876
36239,600170.628494
43587,1581619.68417
264798,799567.09432
535,-290949.084595
633,1794574.39851
15548,1306804.4268
1017,419366.22555
4130,257396.777865
48068,820499.14919
412,1041325.90387
35132,889626.256879
553,1601734.54605
569,905213.09529
1289,1080486.93634
1379,187020.026726
887,204777.553143
11890,349301.080499
209,257932.184756
32235547,666871.132609
9921,468970.699417
2214,193842.56661
792,-43646.4785355
87,268046.970744
50741,727278.582105
1540,-3485.58043127
204360,1159506.47982
3824,981242.048289
7181,387212.238177
194,-148397.19983
1132,733284.921923
8406,453605.688051
1459,251769.670869
10588,198600.13437
8452,1303430.95168
485,691143.114908
2855,439584.35386
245,-77283.1796196
19114499,246332.687451
3135,200539.436257
108,678661.429202
23980,1351243.15372
14775,672681.430051
645,317566.1545
6318262,665656.946448
24639,692266.308121
3915,693024.979602
56150033,460691.440205
197,295837.418068
20577,1086039.15083
1776,272776.55569
596,-8231.74602345
13701,197118.651345
1179,1759352.26105
4835955,2002916.2433
590,843959.347953
641,52351.2838032
3407,773205.007671
409,232452.320501
3573,1884547.00955
122698,519663.165367
978,1289665.90717
6801,982760.650218
223144,126416.758379
12280,957333.639013
53432329,1112540.46425
1338,-156078.897844
11944120,1575758.45248
100181,1627612.53727
769,1821171.34294
499275,630397.869219
1125,746454.969485
521,601730.695014
1484,1505763.62645
835,803524.928266
1538,664395.713075
389,1147464.94667
401,-226851.029223
98830,1718898.26709
6790444,4846277.91215
4807,489364.425388
137455,246343.914218
414,601047.548737
3511,376351.142958
103,597143.019621
440,798854.240079
599,2648667.85287
1533,-335875.145499
470,548245.611809
13722,1037732.90793
179579,556959.44447
237000,131217.151579
149,151745.682997
2516,152833.510314
5602918,1361745.14088
351,1167146.28032
51889,412284.088134
11059185,387077.001613
437615,665799.1141
16139,1759997.94649
12958,1288170.26568
1691102,657169.119478
277022,446881.836372
475,501698.6104
317332,1384497.84489
3063,1005217.40923
14894,1338789.90618
739,548111.603972
355326,1746633.85229
1305,968177.704053
91,111187.301061
161,390213.487547
619,-315800.283152
4581,2520455.98501
106,574972.724766
2307,388393.213342
1288,770191.373957
1733130,1533429.11837
84118,551860.105226
136,343185.843738
608,221342.25818
1348,240637.354984
204,-4829.82084685
199,450101.690864
1157,3217392.29339
105090,497921.316953
12801,1542296.62251
27760,65752.4763315
1224,71455.9032653
6825,2945265.78508
138266549,2504782.64012
1388,1080657.62492
766,-254956.323636
7708,-837012.542553
3522,240145.853696
1763,992952.730909
132,75339.7338012
3513,590071.098887
1032,574818.628133
426,466500.63795
151825,1535049.34397
30617,348375.317095
742,-284139.605615
8754,659331.740842
3165,741174.087507
228,377386.386384
138,74403.0012488
347584,379451.172203
96723,969115.374833
127117,862338.883433
36733,856915.204252
2515670,1379271.00861
3012,273996.804911
3055,814927.932846
311,1042950.5744
8452,1392820.67208
337386,589421.640383
1731,793148.210994
400,51953.0829956
391,402951.453348
229,2257011.1901
467,454341.380729
86313,98182.1113996
6829,4280511.42285
9833,1631330.4444
7139,-124845.868024
23251,1691459.57006
1815,770323.884288
1295,1800260.80369
9737618,969830.687695
13122,1027392.83933
6501,-181675.479195
793,-232101.975527
7835,1392250.28113
1029,76203.3243244
76299,51062.0253618
782,-50861.9117935
668,300066.89944
171080,2975829.05665
620676,651138.32212
498,5425.3375646
787,582304.592079
911,602128.549828
4372,408524.63695
983,1410916.11884
313,491647.245386
275,809586.135743
20958449,866324.5576
1960,1193983.76687
2266,698480.477717
957,999863.37798
2003,1775427.36219
7268,694388.699885
6037505,745539.068364
64,22066.4968366
84641,2056263.29984
31433,-61363.520735
3299,1780786.39761
7514,582127.060526
173,506101.869995
109,444116.894878
109681,1016685.05415
46110739,1935000.2326
166649,-56912.7000514
939,883323.926649
2771,556686.439605
21368,819763.726183
134,657959.290088
1486,871691.665534
447,175291.196162
4533,469393.807328
352,720787.676854
4994,1611661.32044
636,726413.237888
2987,847879.751778
830,571930.990281
415842,2426268.72029
108,1795361.45007
1303,493935.269272
216,590474.012352
1443,737296.019942
570,898639.781283
339568,1470341.89381
3223,2385869.83901
72280,472418.601533
1272,884384.230536
3531,1667389.23716
114141,1150631.41341
0,2008027.7412
3826,1033236.81145
81673,1100316.33519
1343,1162245.77935
9237,-280686.627141
9067,858106.964724
50037,438883.888751
981,410966.67192
130,-160106.387387
370,61198.5035967
993,922914.014839
2296802,2004506.25439
2938,587531.246536
72998,44090.4372492
471,1838813.35708
27225,1794564.67415
3498,30150.8403049
5244,782257.447362
530596,666874.967785
432,314120.621852
866,1360034.54447
2636,1185880.18992
24576,536349.88924
313,1064716.03465
533,782318.136138
1022,1169721.0214
427,323950.068511
135708,231351.596701
1314,553672.36549
25266348,1580710.80365
255462,1020058.50897
61552,1014323.78373
4155,304876.977471
864981,84577.3029642
142,496161.666673
858,262854.865342
113,1013267.2787
99987,1289473.15442
75000,663170.885456
2493842,1333461.24741
1593,378059.792791
965,695511.741188
19197,446224.321522
467,-100330.36688
346404,608035.68845
1325,-168103.807295
7514,260140.179431
620,64069.1692935
1565,384122.780032
96092,1964102.58175
890,399057.64097
3003,-459900.283406
3893,2774466.55392
1032,212516.88918
205,967883.894037
182,1509786.85518
18624,731691.441217
16037533,587032.951131
1639,1142415.06339
28860,200201.953848
608,851966.88295
10588,460029.810787
384,519458.354536
1291,2178696.09783
1264,448580.462188
368,-104401.321696
960147,305327.729715
416,159968.231993
1663,872948.626808
12510,854311.317822
5214,1762015.55835
5165,947713.850375
250,1162504.39316
14465,562478.542775
924,453694.236429
3694,-157456.955909
1291,582850.50435
1493,569491.273269
18952,561678.114458
3766,317305.489288
4829,-147143.907783
10864,608517.717049
3315,921739.519515
10264,1799283.13585
554,2027033.2453
80156,375038.452007
230,1266405.0253
3759,1973024.2615
3779,409878.788419
3271,439169.578212
4282,611518.863839
743,1951906.61775
180912,1715441.34842
4108,48771.3675388
586353,1878658.22552
409,307564.279302
1799,925680.645351
177,626030.402532
17168692,1017394.39946
1448,1461182.09958
663339,1324174.01135
1844,-864402.645607
210,226162.148898
2393,221706.302036
122202,537541.831787
878,499665.831399
215,-384841.397596
2628,810454.269358
344187,1789049.83858
2500,-200490.029926
21794,828596.506985
288385,858245.089177
3336,955217.895335
280,-91779.36089
11867,1068624.39825
281,573298.04215
2622,185400.454756
496,-106087.756639
116184,692936.942872
249,991463.619211
10411,725480.519135
1043,977870.673798
8431,1451530.60526
14767,1606612.98646
2646444,1753909.90858
201,319715.698644
17293,828729.442177
1844,1043918.3956
85294,2348909.01811
7567775,1226495.887
315,302912.696247
53245,267218.45718
2542,555848.959496
1858,985853.327396
844,-124797.322925
71111,1599949.17869
322,121981.821642
23644,1049578.9989
3147,181407.919287
658,529612.554736
2645,-1685.24123099
4286,518195.217373
357354,733503.861649
1605,838279.44788
649,943631.759803
508,47806.8314095
87505,708976.36119
3535,-361188.424619
1901,779572.373906
15569,-19220.8006967
2477,375525.1149
2868,272483.731586
20394,1357442.77546
2866,877573.729606
478,1077529.99108
192,-124948.178101
2774,380027.838251
422,167051.623089
1707,428356.777514
365,452782.50935
830,-430629.955874
146,716642.698674
589,565786.175683
6155,797976.910871
840696,1364230.13257
262,685688.83675
318308,2184947.10178
921,824330.965656
838,405049.669575
229417,634041.081823
186,267747.194588
1059,55925.0250243
5153,710902.12159
960,2398773.85977
3101,-285893.536606
4990,1343361.35123
386823,-104408.889546
301,1413679.17082
246,-91246.6354815
5175,924153.044164
5856,84535.8351476
798,2376751.26671
76962,1041727.0437
1042,1302513.17627
415046,545262.642613
1233,-186221.404236
58721,617328.664462
1176,2037224.58354
136,326688.199021
1287,706856.726476
1364,-49229.9313709
3494,615503.702339
129,67186.6762918
123,125622.543767
402301,1940434.99667
524328,734636.974742
254,-398709.216522
1058,822438.95509
811,602586.567472
7685,3181003.32189
102,285917.084388
344,428102.942119
57245,1975352.5252
264,198867.622511
9494,1354295.44757
10298637,1048844.1218
4470412,631654.46205
477,-190421.202625
3255,2297755.15869
11975,729015.155144
48,104023.940285
4241,62950.6747229
82,489613.556037
14981,-544772.712184
281,1056649.23176
7052,227270.383452
4453,814052.092887
0,-271668.221918
1023385,449454.766508
3257,576693.88131
1303,413573.367686
324,562174.827853
318,842065.520794
240,106933.306329
404,232801.161144
509,232897.767428
14322,49047.4592374
462,283849.906975
19994149,457249.073414
1028,892245.170908
237,3488846.23922
9774,873238.758825
35059,1015397.81022
589,445722.013634
6795,811910.042214
5045717,2993605.20899
58713,1180261.14558
275,1207227.70947
3852,456417.738378
624,-13710.2286628
44712,1621812.10362
1534,608248.578535
34056,228918.744708
1570,702391.798028
1182,363787.931703
29626,888084.947377
1662,-168668.153102
1033528,1533836.42193
242,-105732.057669
1192,1302884.28334
145,343036.25238
1298,281542.352797
3534,-270486.330414
207,570917.755195
10046,789455.803599
314,-178818.978566
257,790414.172457
674,1010191.71538
486,702903.003558
89788,662760.999361
49,304886.392905
588,316510.251332
2794,663933.629511
0,996651.348996
2151,-958192.835475
1532,1211247.77407
376,2307472.43518
453,552746.929033
224,468469.27112
4081,681546.219983
414285,1522241.88458
1540100,844830.591145
551,570032.37703
1059,1081860.46513
266,326829.209004
10379,1598138.99673
393,683029.22874
559,-123823.992284
348,227168.02146
2087,1458770.78406
2154,397630.44636
198,254688.291113
20496,291914.078409
2994,-7293.38073935
632,393783.629588
538,-306739.577587
2801,630163.93245
156012,1049356.00314
263,464827.976038
311036,1258460.02832
939,640040.810496
1290,-187926.013849
118,-90973.8690563
38380,219630.786189
77356,243544.966597
1848,681876.868503
280,-372583.205508
6751,127060.644418
1157,970155.223767
7985,919851.639129
940,1452311.394
11100,561295.988432
106,-28015.6500868
6049031,823939.018262
426,503488.629455
1520,957682.574173
366901,-207371.685562
214,816297.419023
501,799123.655675
457,134164.160445
3840,1346212.33234
76192,608347.394445
15497,1300365.27862
395,660990.144391
771446,1862897.27959
2257,567557.439853
321,497570.568307
698,389280.506161
355792,3628109.70501
23253,1032178.21167
2995,-299377.580975
56601,589494.709485
1119,619656.638531
1070,236474.778062
123,279576.617867
90540,1294684.08879
340,751716.982422
1736,996697.164109
7515,1148970.8904
857,83464.9114412
235,-316301.471651
647,1393176.1895
1301,257476.61569
6102,529811.562529
331,-27876.2919041
1157,894309.575383
306,857959.059967
8388,485762.886126
1595,1295104.97928
444,92795.7211315
7483,481715.555081
650,573427.870895
5476,978824.299617
1738,381401.080703
588,808312.8515
164,453520.088434
294,175385.145887
9299,433503.127466
94,-101578.064832
2509121,987982.841833
160,651817.225195
523,313102.150816
1395,490413.231878
485,1760050.4443
1066,-362375.711355
531,319079.432937
398,180179.185254
506,588766.796595
936,772389.636165
570,37850.7842566
334,1511606.22945
293,439473.845023
911,462643.298694
1066,474383.884569
390,190212.645354
1596,674834.146671
30949,1901836.39632
635,384261.907216
78893,1177011.41745
373,899258.794083
1971267,-492184.527193
463,-966754.876608
5834,559591.373396
61152,1791462.84443
9812,461464.568054
85711,803143.328688
1214,-146368.19049
172,526835.044009
672316,2189283.66415
7333,959133.879168
803,997709.246762
274,418112.485152
77627,-145897.523403
536,259313.906038
307,846693.471335
409957,794118.934705
3377,1009514.10842
44441,533306.378911
2565,103785.518541
4688,1634617.86512
319,802096.635921
7242,1452670.91774
1389,426557.79548
11737285,1450759.78261
38192,2265592.41044
582,261380.027064
73907,1702077.61337
831,233285.850975
4468,679113.476869
3643,388697.023969
1779,534048.809515
2471,737307.630532
206,201691.252432
1297,247733.304911
988,1545154.50717
267,1779391.75815
537,894611.19278
11623,2711454.97004
15160,459685.822038
143148,3414.38875514
97078,1278543.99684
156,-245041.04096
1613,565553.937767
208,-75234.8427888
1661780,231719.288318
166,202906.676983
9815,635344.405956
409952,531409.518937
32984,1159406.93182
1724,467582.238508
1167,433732.660417
425,395418.975892
1492,292791.29656
4885,459535.038693
97,406990.936962
502,400979.678205
43579,-18650.2054604
6948,655477.681853
1468,680563.022145
17709,191180.142218
375,105575.934246
615013,1604907.56788
4638,707865.873625
2149,735784.420669
134235,445875.961332
400,541488.847646
18798,1594585.89291
981,156835.937942
7990,-80108.7286515
302,643655.912593
10807,1429670.10664
163,755063.552991
359,2098697.08236
2167,1602453.16323
490580,994335.785011
747,554774.232498
137756,1469095.77792
788,139908.573526
986,535276.344672
320,516842.803301
193,25088.0000252
696,-125672.885225
1441,157991.67666
16954,793065.219393
2720,2046059.47472
372,614339.721013
2224,-93039.6125365
226,320861.055394
465,836291.449421
4647,589181.354808
162,110796.08208
63364,1270844.82212
27995,302920.125307
4260,517311.572982
1120,451544.516054
316,409522.989585
3077,1250777.30586
1208,1287901.14692
358,-532036.776673
298,109980.068507
97385,2017331.49305
1775,290714.194944
121,182888.454372
1046,1128168.43416
831,1127796.12561
12552,174295.876089
512,902750.531801
243,57992.2806632
1545,990112.316782
242,1259540.15804
573,541641.54679
441,268260.18061
426,2060176.43234
2894,488063.044742
350,1111736.44527
4219,582775.608399
2571,560447.881882
56740,375255.056312
1758,31264.6884827
6171,774702.160935
163,373771.339431
614,424826.384294
15585,632546.019607
761,87474.5374924
3189,777848.550866
3939,185093.794623
863,527081.453769
20628,879495.809985
4931,1820669.83258
181,232250.92364
118797,1755348.70043
869,1274972.84866
1613,635931.263998
787,1468774.20199
7082,534514.12561
1433,126675.358019
1486063,988219.159838
411,2926089.87116
627359,1759176.19879
1678,370065.749598
2861,3021287.45498
6327,440472.187226
41386,751716.982422
49010448,470027.665376
1474,532318.008417
596,1711156.73713
788,213274.329958
712,149459.152629
348725,1567605.73732
11692,444526.299635
8301,375778.313331
1954,1025269.77451
1345,895918.905109
632,1069143.66665
4067,225332.141742
19364,954297.149212
28861,1563090.79806
6457,566069.86792
948,484466.678298
112328,778028.899729
1682,-239345.851928
2220,915132.644586
23013,769447.118349
2201,450846.081851
481,1492552.31564
144489,2440052.0495
307,447825.689409
226,1614459.12803
649,553110.795058
1147,151963.88127
1496,-65881.0735066
34885,213524.117725
982,807570.594245
1000,-164048.662012
1223738,343381.429943
1884,1216628.62442
13652,1099363.88566
378,367714.992394
1261,-378977.203662
2595324,2186325.90491
19772,1096322.29913
1843,233111.018212
1972,1013333.37734
1589,761093.514044
389,90446.3589947
149,56490.8264454
365,795074.719137
1001,1430027.6729
4489351,880706.70703
1421,2083540.99317
1297,1043422.01902
778,31194.8311881
67573,206574.215888
12265,314597.184264
93260,545542.082502
587,248412.010933
3577,264265.366198
297,131517.30039
650,660824.091314
1136,381800.145625
6492719,638467.97308
19890,140158.432757
1044,566868.616683
71,651370.257597
351,404966.177527
1518,2035429.83
239,420582.725435
9226,856037.252205
523,478419.776497
222,1288041.71021
1280,1193397.19559
192,762561.917296
697841,344762.81821
1180,2033117.93623
9138,338901.602881
4991,469720.767978
38008,1624938.75241
199,409321.060358
2825,726399.85454
243110,330057.040303
240773,639898.679429
942,387314.589024
120105,280652.221149
543,-196035.584894
542,966233.115374
587,-5563.86650153
2419796,590758.265472
178,775772.688263
195654,266683.335494
265,1574363.87943
3675,1872758.97103
807,39418.4095489
683,1049496.81545
1514,1470243.06366
728,823423.531952
7252000,629312.446453
598,226515.276209
147,595264.371883
811,469587.488314
2227,253610.360012
17517,1094065.9439
168239,1125605.41935
101830,186531.110553
277,291903.42646
2065,491854.631272
545,834432.347782
565,2147270.83794
205,62122.4461526
406,-376548.501942
43693,1258407.92304
236859,1777809.94275
8654,400710.532356
16028,952709.011506
623,1373502.36748
147731,280754.068163
3553716,699227.063474
2493,1313711.57218
18707,2087180.07418
530,405331.597967
705236,483526.14213
0,678944.195076
343,922965.614053
7286,1516318.63558
192993,478718.235973
565,905947.49224
321,521717.260852
3029,11341.763651
2625,1016718.19889
3591,1914634.19198
28807,965543.457775
114,412496.224977
551,1100897.06725
1886,308952.859202
78591,-576827.280932
2128,1305878.06127
573,415193.649076
4674,1402235.37032
224,1609847.01795
3490,631941.615889
453,643382.359964
8380,2328070.16255
874,453770.303395
1165,1020697.51259
54498,1892519.42114
208,69718.1561756
505,1565553.7545
2562,626130.415987
1598,884250.041555
410,11763.03984
241226,2310798.58588
617,1042515.25996
7417,739552.527955
21180,802504.445603
542,336275.562903
1192,851084.282394
5624,601997.040605
3135,182967.951063
314,69523.2901438
1020,100796.134854
2199,549392.410185
551,485159.696916
1858,184076.172642
430,1024141.087
287408,2330104.39403
2678,306793.237595
274546,171076.900315
10472,390197.135354
1552,489073.222693
190256,1372843.85611
3627,154056.941419
544,297305.029696
4835,296122.181557
134,-101214.102699
536,1269326.30764
338,566170.492274
16638,412989.703645
913,2963552.39873
543,533626.207302
54,-55521.9063258
8752,643129.937669
1207,297116.768848
1455,1750821.75915
99647,2711344.0067
3507,770466.337466
106,407603.15572
1329,343111.164111
86047,459736.023039
1047,-144132.267364
83011,429926.184834
21127,707417.988602
567816,909157.014473
14457,3286968.85717
8863,224989.906756
3101,301513.238138
832,-51430.5764382
4047,206810.026842
14895,1162828.94125
197,8364.85926426
82192,183396.089889
3232,676458.858339
2502,595517.0364
2280,1598028.1716
2701,585034.586696
277,506815.454787
1638,1180963.29322
541,2556743.7413
15408,369436.902224
964,1466580.39005
627,-68819.4695343
222,386184.09338
19246,999904.771264
675,221685.882391
1418032,1159028.52946
232,622578.270062
71759,1939738.17201
5266,1313779.02183
529644,940411.801872
165538,2201447.35568
4849,865080.72019
5165,1128032.47309
359,282555.200302
388,93885.4735036
1890,931425.528325
1207,477037.201045
1818,281076.007182
23910,1254983.32864
12959,1926788.15139
8972,161574.800275
1452,1593161.53012
6163,-406436.369306
109,505541.897914
534,323383.94253
316,857700.215463
180,131648.298885
343604,892369.402228
8037,445814.329963
758,514690.379497
1716,477703.043289
2005,720934.797128
189,176209.171813
626,203128.941935
2083,973747.871652
130,365509.940333
519,208853.990199
2601,417195.97783
1394907,265128.144961
236,170994.98565
868,1027217.4807
3867,618893.437415
1265,499729.626828
90115,117761.85538
969,296032.956278
1845,800434.593309
475,356485.727745
76666,965529.251935
81822,545034.679335
7219,1273201.98537
11752,-35205.8388884
727,618835.935406
318,290978.362041
343,353632.896364
1662,493199.723487
955,177513.025789
7891,1309954.79048
259416,1659402.21839
279,-64660.6169123
874,451224.385068
222,302559.84588
52900,199460.934401
235,417920.071271
806,437551.746351
1336,2880453.51633
23396,2950048.09826
34735,580134.677536
1289748,1342857.11368
317,-204408.020027
120160,1181449.33615
385,1184388.53983
203,467384.004828
77030,464089.857275
255199,858646.006247
2724,111499.843438
324,567684.504073
325,24899.4416252
24569,1012074.25539
42488,61937.7324263
10858,2073161.87415
52913,622921.135042
4136,959373.318318
37766,2276544.02643
436,166806.212944
86,89797.7408493
1595,70091.8464606
283,258073.851346
729,-209050.585447
3845,1451258.02266
1046,728231.521695
1226,1983030.51119
3311,-352922.115565
12550,593051.448935
181836,679708.893011
8880,2041323.37339
292,625530.660123
722,663937.517808
779181,796156.601926
5247,2364336.99742
10481,1241390.4971
2024,865062.8909
426,506709.275061
979,507472.635919
633045,614490.544788
1708,677271.849307
602,283504.947558
147,-163764.758899
172,296738.866884
3012,-655047.796336
11015,598849.939646
19661,2798612.62764
20602,616839.497649
582,702919.233506
3469274,1230615.15865
1840,503851.729927
34741,264808.999741
24622,993758.792546
230299,-135839.969468
3373,794206.173463
9180,578959.172046
5785,981793.305662
27549,892158.863729
298,-407265.502929
7601,1032594.2134
789,712664.964937
932,1102547.2792
232,61259.7834025
149499,2280995.47834
296,1013250.11314
1160,2644767.29401
44326,-447475.798776
53693059,620957.714395
347,-41345.9505343
1363,1293633.79142
250,664907.199197
778,582291.963441
4249,357280.411418
1310,598657.24294
442,652533.305354
102188,3018340.82197
7377,190478.548598
5238,882730.206989
1696,-778496.363238
1272,580669.081427
6075,2046327.12868
2916,503775.741529
454,126792.093465
63435,967235.834855
512402,833604.801863
5540,2385250.10311
3107,1452208.19875
1831,791671.229706
156,480627.197443
138,-15283.0785004
475,1269318.15699
2042,2353656.416
671,496005.231511
732,564800.935012
2083,219934.447822
18947,1794524.85063
14293,887499.273829
188,197252.820393
5184,449217.114537
329949,1773092.4614
78943,481532.683184
3085,1466323.29428
280851,-103217.132907
2567,841892.186847
169,672045.233006
230509,759007.5053
1183,1268815.44561
76,668535.525316
126,442170.555122
119,-376382.75414
875,1554573.24723
803,473781.364024
462,96326.0162981
2447671,1100923.36906
6042,1132629.32834
212,1096027.08947
1234,-13380.5162452
766909,1383052.02709
1954,968446.177528
1682,221268.87331
130,292158.400021
1320,795992.820174
93236,2051956.19618
2323,1498457.33388
183,21287.3010549
663,753248.147288
888,153056.609115
3982,695464.878538
723,1053126.66796
0,2979393.67496
365,563937.065053
983,74521.7138574
3738,296355.397154
501,323077.078111
4681,1384293.34348
528,220808.144124
71405,1237561.55873
523505,1070221.74246
18535,21361.4986281
12563,1674845.76215
56321,860668.274472
171535,964175.159995
7386,1073386.70881
15495,1974283.72972
30172,1075618.04074
178,127850.594667
1736,214946.744087
133,342634.832777
2105,1137253.11981
135794,947071.890303
122,402848.492885
538,506713.272038
55411,2290078.25922
15359,491784.481257
1735,30151.9369817
74386,610603.098744
317035,552980.75284
160844,980064.573893
15762743,770097.28188
1727,-173153.38831
6166,2246220.39468
2143,235010.989785
18262,823818.202172
212,742062.691919
379,919494.426378
1470,1121653.26644
2012335,1631005.13784
1733,414706.998705
235,138131.548609
254,196774.501897
5892,1330672.73717
185470,448244.077648
914,1254786.99086
3653,680115.158311
1373,201191.644975
62263,433058.937812
1649,624923.026167
4005,536264.370928
260,461129.007196
364,398302.488092
831,673393.332402
2163297,382510.065187
404,550537.391723
1965,-183787.256567
68698,986718.097978
65122,890635.580819
15599,251141.424181
235,367461.828699
11188,889335.980082
36999,324821.879644
1689,250765.811722
1731,1041079.13194
6157,1602277.60747
783,1249697.9305
540482,201882.536261
1236,1337788.13651
82252,672366.905566
1282270,1063763.88288
8781,119609.046607
358413,1117963.04116
180,341818.25286
3691,591012.559658
3918,1048556.66656
202,869612.842772
102275,498753.235901
3320,203082.082839
186,797727.826493
5669,609901.572462
2437,-105310.457412
170,81295.3542354
1174,-55340.9723281
439,-160322.173747
5563,1292772.35042
10929,5681.41663844
386,-81593.6529915
418,637226.381852
27774965,1927753.10087
957047,406757.086171
1111284,781585.671131
894,460270.955372
440153,349325.249381
10330,1288811.97945
167,244040.325119
6778,1022675.04898
100479,211470.397135
209,372009.420113
194865,1144404.86533
807,154471.019226
1712,1007264.22497
12953,844077.759529
7965,687576.43293
73823,-302193.45894
978,1166900.41609
337,321631.13385
4689,726478.44847
3041,519532.441416
725,157790.978326
1654,218716.781139
118,134342.938429
437,1943206.90171
253,262343.15921
494,-65317.8854975
493,1190892.12744
13543,654711.959518
246,624836.004576
35478,603260.98649
4479,1276369.42648
213,2231309.00068
15463,239438.03517
1619,-136149.842894
3114,330624.823077
37596,1007683.07841
1276,281874.541794
962,856535.335563
153,535360.021239
165,821346.665124
0,420011.177181
8544148,1897240.49202
5736,233413.956442
1678,1085829.78799
293005,1361545.25039
4954,-392866.997377
204,759046.847096
127,2153786.60178
10384,1518934.16853
2868087,1091979.21204
561,949190.644884
371,282754.928044
1445,347921.036914
153,809920.742495
19896,760726.726179
704,849692.058031
312,186090.505487
4007,986625.292888
169,1299733.63742
9168,651630.237121
1579,374210.540326
598066,2659286.12233
893,-377101.978463
137,266500.77862
570,-25034.5365536
723,320568.395485
377,1629213.59389
40429,1305337.00915
349,754594.707511
94,791587.503762
5331,616621.240197
1417,3497878.62753
279,3365933.10215
21587,346726.411083
656,1657588.27889
915,142102.885912
1327,449173.897336
2174,279856.575937
5173,460891.04367
1282,637196.134377
3379,422679.744924
845,1208061.79186
85,398728.572052
255,751669.169012
4347,571572.039607
2583694,717957.047054
7517,2392383.6891
3201,-51269.5598079
2723,1608399.08189
76205743,1861935.64639
1215,1031936.28415
3990,-121612.313431
171536,1031387.52743
319,751140.920525
481,1124601.43963
373,1542609.97398
73271,872870.113732
804,365397.960188
176,113395.167467
635,901269.170242
29402719,2287058.04679
107912,652567.43897
1679,-195706.164196
157,563628.302508
11230,1260321.4004
2888,643061.650835
418,523919.445655
1416,55319.0942887
14551,1044854.17306
446,323422.917472
19394,431894.087622
64805,1290900.88567
172,155106.313384
161,278663.605716
148,465678.324685
1319019,533421.69283
292,731132.751531
925,106064.55375
17715,1044179.96333
19916845,861562.624489
164,399223.949752
446190,1391470.54084
758,441603.599817
134,1333990.11787
1248,423918.224429
1412,934888.431717
2707,592305.794741
316,1466190.0029
235,596480.88059
39563,580105.809769
877,478081.225198
669,569712.45994
132,554203.275749
952,678118.858035
72,1233835.00981
293,164304.516167
1019,1041738.43666
1088,2990788.6156
660,494095.9972
2762,604942.705414
628,381526.20706
13956,1912868.41972
15528,453774.692144
488,605643.728671
482,1395787.79415
183,780693.842423
539405,644878.132878
1843,1052730.44361
93,116017.659492
3142,880530.773716
53715,1614682.07352
1234,346060.757115
109862,661711.653403
26019,796194.275083
1768407,879186.959356
403,347346.993745
1148,662327.258054
149470,1687717.8683
35608,-836533.76437
427,154339.468709
7638003,823827.002592
5841,396016.585525
167,455841.027978
14686,1069078.26107
2749,2698170.17833
2339,492718.057546
2255,664788.817846
1465,1094117.06804
220,563738.849966
859,696470.124666
1609,204252.177528
228,570269.300582
1932,732114.29793
395,3299364.40461
198,506198.044842
12106,506692.450219
2387,1803156.23051
1499,454501.979968
2743159,319217.321662
175,589450.152182
149,590888.518255
495,364835.404406
368,-482905.747597
2896,517829.457902
2032,511073.213511
2330,18810.1766321
322,681554.498618
2169,466599.372121
782835,1895539.922
6926,215024.416862
2709,184076.817732
554,1634909.67661
216,763994.215813
81533,2190837.38916
2475,906341.493452
74,631164.167255
765,-128825.70338
3048765,1789617.37519
3349,1943746.72362
5475,345977.626969
3908,1084842.63506
717,771582.052715
9901,690695.461891
1033,841117.899563
3083,1716639.45423
219,710182.034136
701,923911.464087
1565,340332.2661
16802,443379.304631
492,428758.667281
21044,1478083.55473
2691,871253.045668
13697,508726.492647
1717,989825.342444
1422,1765143.3957
12041,1136985.5237
991,1886742.74464
901,503001.650341
28972,659657.254336
57355,1599680.19936
175,1433922.64379
151,-14701.8527382
440,331235.880687
1103,272360.27052
57675,1451596.93198
4135,-285866.821257
4455,594168.710552
819,432557.748574
1196,1072610.41365
188,368540.917816
1618,96366.0173983
3700,676832.692644
114693,662553.968346
7101004,-138858.560963
50131,781012.099191
32,595588.354051
17979,1504749.5064
602,1796982.9849
1378,1168957.54168
1362,425745.568505
9874,255049.418624
48139,2369927.88481
8870,116456.702415
341,2785618.485
41084,824553.501752
23451,741219.321725
1042,-53681.246648
405964,933430.140122
209,1595100.07226
95005,436079.10275
3029,667611.025423
349,105584.290738
1110,-76291.6301717
17531,877719.874188
625,225834.037764
677,1685048.76988
55,280710.847538
8707,770114.560784
112160,445401.631231
161241,683932.692851
1043,1123753.39133
285,1370589.78084
331,71621.3636568
125,74237.3190648
1420,1068537.18599
23747,1193479.18399
269,117621.094775
1409,479886.084467
344754,430939.872919
463,510695.682824
8152129,813824.520106
169,-629295.729553
3292,1020735.83903
5342,154157.665703
1304,329937.90116
480,53166.8990563
2302,948308.71674
29796227,902203.153457
123711,2069300.55024
266,1628757.76849
421474,686241.564683
25399,173916.00446
2375,1126762.59781
202,159765.558039
178090,892092.440347
1115871,2371699.43554
1750,208996.955495
1871,-181898.928726
2321,525392.928238
364545,861573.8268
541,175941.936782
303,170198.221816
5992,1030410.40413
343,1326482.85241
958226,1287140.83988
14740,2716053.44713
845,1913706.78849
9780,270154.403004
1055,335638.422539
2144,432264.219607
315,217048.68843
18005,2432732.96679
31413,43696.7888301
53008,1313847.16794
5300,3399147.86994
10706,128828.097308
5290385,858273.790173
68530,-2850.10708107
115,910930.390498
1526,1070949.85707
900,-189119.912207
31914,872713.539862
39114,477073.981594
18901,961921.262003
487,910211.521208
113,1051457.31391
2966,277882.141558
31474612,821745.392189
1556,1972186.76464
196,344888.167183
1934,782329.261886
3147,703634.961947
2096,2505555.21571
1213,626336.746224
1183149,654508.199617
403,-76009.2021458
457615,637099.790381
11972,1851023.66577
416,-111606.867757
1788,252520.388114
4700,2314279.77455
110,45793.9239041
162,647939.24722
54760,839289.72848
170,758640.053357
759,435961.884894
632,721665.194871
536,58043.993507
17612,2809470.60286
926,1033990.65923
1376,814523.692815
22527,529090.647389
608,856482.826419
2975,909710.911527
939896,3189615.44711
3331,2039771.55524
8945,1402063.44301
2114,362497.542468
2063,1424235.46759
76,1637955.21907
152,-646284.03844
1754,1762479.61241
8911,1322478.44123
69,1616984.17014
1521,1276383.69169
893268,1327543.95515
2709,500193.637798
671,305215.555245
875604,1340148.52666
1436,801086.406721
3657,657773.235955
3535,887876.204939
1214,282867.484698
2403,-29527.2614826
752,971547.949535
697,-223692.961787
49408,1683988.11408
1923,777072.835801
113,304759.130299
1802,250843.83339
3754,97978.0864747
76013,269821.595957
6612,516940.145628
186,430650.424609
3014,2703182.99578
7341,447701.306206
868,1478478.36325
10619,631838.804952
252,1417031.31325
307,261653.15211
386,318887.296888
29181,1481090.9864
18893,1807442.51572
20451,67428.4840909
65335655,728800.568376
298,47946.3130034
618,889629.817933
743,1411381.8312
1137,538671.128703
2930,-291007.815767
5632,711772.571718
881,562363.188417
3442,1076125.0601
159,-78495.4060901
123,-256944.69658
429,62470.0880388
9272323,641665.084683
1711,186950.837318
27489,1243688.01539
433516,2218671.13281
13445,1124109.15365
193,-304702.797985
3777,466385.428072
431,484299.712992
7993,661224.650501
233,338946.451015
204,1569649.97962
459,307160.436124
4360,40074.7603934
378,-410594.470424
67809,253389.953077
834,614258.638665
130,796981.081427
407972,926537.992678
1273,1319204.98285
12991,646949.925603
833,-258068.454762
720,702356.379954
23351,1286682.21389
34435,1049909.75546
263,191341.856197
1500,1704509.12274
2254,522629.389684
1302,-301466.382948
168,1349906.13783
6041,1242162.34649
1159,-331611.263819
1036,2063419.41508
25995,937033.34156
15951,2450459.89939
4654,660450.959893
992,615406.899718
12661,1838954.21651
118976,661472.319199
458,801146.332602
1536,367094.306711
780,182401.987689
1033,1301424.49756
395,-522454.755688
9486,321598.050605
240,506754.454632
3373,405692.054627
324,462310.969475
571650,1292691.20653
160,520853.086255
786,169198.95917
4132,654304.945754
378,-209353.564732
725,466111.556529
20422,458463.579612
14134,810394.897224
737,58499.1654274
2011,135464.421884
867,1377667.9228
1357,702506.146598
2042,1011429.26979
389,357289.59624
2105,102790.491974
1958,75662.5183435
12138,491040.57233
536,2569747.58725
227,87485.8641007
157646,1104097.30219
4570,549373.257736
1029,360838.550418
168640,802125.09047
1232,880234.421813
181,400017.510681
1372,354418.042018
18847,983949.044048
690,666064.598673
111,154334.605135
4619,680834.38936
109,778932.049719
71,82554.5303556
2521,-396952.466935
15643,1539721.79787
142803,414566.303122
161178,907348.586964
501692,678678.683656
2047,1453001.26311
3314,170777.255563
172,698974.962058
945546,237378.738658
57331,2623581.5782
474,445344.248985
1309,364997.072338
691,493233.344635
1808862,1230911.53815
15418,1702211.69386
1165746,1263548.96914
269,474009.177949
893,366065.910083
7972,404953.756485
395,739212.98799
1131,42798.2894215
221,212638.206321
5953,449871.64727
314,1364337.71316
223,167089.807033
89291,313857.268102
1447,1101250.88005
1480,1113968.92089
8374,1250206.31939
241,184158.342485
501,715275.509826
405,1150224.90957
452,168752.769701
15302,279521.922355
19935,477386.708742
314,974633.677721
3441,685326.45588
20729061,171770.167145
145,555671.190728
169,-143445.459621
3840,408649.421854
7387,1326442.61815
2207,307559.906238
104897,305511.579705
573,959720.310508
6290,814605.972798
64244,301143.77775
177075,925281.597936
38020,755589.992645
18480,441870.853672
766,641909.61815
168,790143.022392
20570,1003822.11238
462,231871.98945
5044,1059227.30799
1894570,644656.56241
18383,565112.873675
55382,549861.225278
1073,608781.087839
1615,636249.650487
106,227214.7683
472,969559.612599
877,-651977.61108
16325,1117488.88275
537,774331.551636
5654,756628.987294
1285,527393.874818
34577,646944.200188
4083,-171736.265354
4235,1250792.30815
8144,782257.236796
27094,1705756.9028
616254,954286.799736
631,414167.607727
346,1347410.56189
177,1101351.68095
23176889,1354439.27698
0,2007856.75192
449,-233611.047963
3542,824352.172014
99,213970.228166
6051,1269867.32213
10466,2110.73526515
1488578,1393073.599
38745,821259.97752
525,185022.770834
7820,48299.3621294
158,1197675.92876
3052,951837.436597
75526,1456794.15769
9879,516032.072734
8601,992581.545615
830,1038782.41385
1634,1779989.77529
59138,103384.182343
73824,1559984.23189
10031,745182.049689
3040,448514.48964
329495,183290.264015
4444,1663395.69169
34732,652301.628441
248,1050290.13317
3755,210424.597459
3056,945659.082303
218,196099.88466
11341,509652.330323
904,464761.401482
273520,1614560.74555
360,-344537.258372
300,824838.92657
365462,685839.981898
22648496,853607.856334
441536,793792.293361
3843,1213635.99074
5988,365558.290998
204,768081.5255
1001,868973.996153
12463,1732317.01519
249,754374.571686
1874,1488381.51615
178,393041.69584
713,695285.404802
117,969469.678646
92,384674.5565
1278,200624.143755
791,1171124.52095
133,430877.483371
99,140869.294133
13037,41088.3267912
1101,654009.964491
1935,62655.5459227
239,2171079.3929
1736,1486202.43699
7777,533696.89872
465,569753.406734
5257,99980.7235954
4288,720529.398242
23894,146400.985667
2552,-63378.0005817
5462794,675910.444676
382,319364.014189
4052,45345.8905438
6338,1169495.01678
517,317965.690278
695,564551.161778
1085,1825335.42641
15848,343278.334218
94090,450309.377594
11244,296107.48657
255,150771.947325
3443,1355246.63345
244,302459.284248
14591,418004.962142
22619,625946.723942
169,1570265.97508
6191,1117073.72938
3663,581038.486053
157,447403.223995
223,448616.672573
1217611,3793876.8264
4464,171448.335712
2063286,130006.320644
300,1968518.18835
569,1197493.31588
174,240461.774686
722,-8377.93563709
81888,493109.495068
254,1218765.32293
411,290656.834161
115,305453.009375
6043,546326.39858
22981,462108.580684
47738,675987.292396
1442,1100650.25388
698680,883263.817596
6537,388936.791219
1396,280669.069928
102061,1076323.39533
1775,404413.885574
135,657677.323155
511,96163.9993287
164,667795.304555
4232,396742.58507
78716,739087.259704
5454,-58252.6982148
1759,2427813.63492
2225,164958.093213
751,-87431.5346411
435,816492.369213
701,342524.287105
588,570265.376413
179279,855660.588448
17031,383224.237749
16534,1013385.36281
282,503014.302774
12136,676783.9341
18440,1709224.82405
295,4178345.81941
1734,774702.022863
422,-15529.0030518
77627,608918.723895
937,1293559.53338
5537,235773.388062
22537,-35229.4164201
35066,1599465.20851
186,681217.241775
4052,1228820.01906
76046,1429790.95461
575,228461.757494
353,425061.397547
2728,119506.133654
10432,456826.629269
118280,688405.117207
50125,588706.306872
337,769896.942974
338880,315882.045173
306,845887.790891
3483,954378.036611
1469,-596650.41028
97,916742.526545
353,490082.97506
1371,193124.286986
2161,2043160.4881
1962,443023.445156
6055,1360627.54138
314,-160501.436714
1778,469462.310063
742,165994.449753
301,2692828.25496
3564,247827.700955
3034,810905.813404
228,393267.313962
313,1472927.19438
279,1284441.58215
421,1179528.29946
14791,892989.848605
281,966055.176048
95997,378804.010663
1061,386717.567929
447,-114502.002913
1906,197950.081887
787,206170.36662
1644,1365867.36249
342,727267.093697
15528,994351.700169
842732,3060055.18372
3257,-64226.2680057
693,638948.219545
35729,1543566.77498
715,281393.795731
546,809885.323054
1993,683557.675608
2880,168139.623558
6979,2348561.7874
7102,447048.851707
12466,371227.198102
744,652453.35758
193,128795.82528
12657,114398.064636
17478,909789.958152
2376,893213.41403
829,609448.013944
58314,642771.658137
462,606105.133177
8718,1096285.82174
180,-267944.247315
1170,882483.013784
1134179,996668.269925
32467,239650.950478
155534,1057655.4767
315,589396.22536
17180,1026477.01348
293,498824.305859
318,410595.693516
5762,478044.632524
279,-252990.836146
1556,774355.628391
217,924896.414996
281,91281.5438295
847,316409.059778
1388587,1243213.02428
219840919,820236.744723
443463,1198409.98455
196,888897.008209
1271020,609481.233902
