actual,predicted
358,1708779.68538
2003,486425.017507
735,679945.388427
634,-178726.068554
1085,335502.788641
2770,997692.222822
38576,2797082.1382
412,171292.721137
306,-263857.607987
19603576,919978.280274
172695,746709.114984
16787,1261592.76037
258,500560.045118
2151,852101.786459
243,379120.50717
1024088,791702.439377
1094,-104971.042035
3728,1464877.12636
1076,314985.344996
790,419977.877478
22695579,405520.118479
1217801,-284203.400931
3337,487378.696602
1470,73914.3773513
91,-66344.4397467
536,548098.333368
1691,427979.323301
1090757,904387.416204
95,-77573.0843097
1281,326995.068348
7961,1145078.21611
897,809649.975208
2189,-362156.233833
1025,405691.418019
14259,1098500.00538
36577,415865.090848
578,694953.746208
547,654072.390572
2324934,897911.774702
2085,626578.636056
2963,1723458.74556
92,828657.499595
1901,634561.732722
1187,1047189.73319
374,484505.312151
327,556442.124947
14381,578814.62422
1166,385100.745796
1475,-37310.7870805
396,623938.603062
1053,556381.178237
1233,1503451.31739
245,939832.186832
288,-175242.890675
53076,786653.222691
3202,-41159.2107077
1031,1455054.68654
4110,2526888.02726
827,723230.431981
188522,661549.29098
2612,332152.897845
0,1501835.458
56750,1037032.57601
326633,750456.193281
1052,329847.148898
150,933214.850905
33390,1013494.51567
309,526506.337452
952,560104.548422
4380582,1490494.86697
2076,652038.236272
152,221589.65081
1483,-73620.7916536
100,-35565.0184641
1119,201233.040715
8307,-42865.6145796
6013,1672039.46271
60605628,714782.700168
8241215,661075.648176
3371,354973.836224
16983,158016.543672
332,634399.963687
383,-13889.1849292
1283,829862.671051
3673,1392081.05892
10997,-662013.350321
351,445953.067993
1883,1112022.45987
18335,1113522.47133
8461,1512234.41017
34570,1817702.69921
852,28277.1676896
829,1235177.7257
2643,362208.465237
18894,208091.938774
3876,629356.909183
15474,442773.962506
36965,1396465.2098
1486,655059.245144
516,478955.199794
436,1382740.47245
148993,959936.234865
11975,724442.320132
1155,723975.184328
3239,455744.878666
343,737245.064815
696,273675.46203
344993,680847.621071
6241,383375.565011
132841,969760.543628
372,894589.930202
731347,1818779.79718
395164,777916.031503
1482,633628.894707
2705,462445.264131
5258,970708.606655
116,174380.052459
19332,596206.249857
443,1128115.47718
1912,32882.0985877
719,469562.628782
147,493297.012774
1285,1394739.46941
5034,3930555.05821
1055,-335256.228866
37381097,920923.663836
126,144146.063635
970,377430.836042
1001,-19968.2139863
875,246492.843151
352,421623.42016
3842,289522.859562
442337,565882.317013
1083,1048289.60214
525927,-811877.884657
677,-472369.491073
15092,379914.987529
157,526932.002778
1202,742827.84846
2019,744670.234227
942,438305.070197
20143304,-58375.1942293
2732,151103.584939
163,914177.970831
233,344909.500885
2472,564900.937049
1733,716102.857265
290,314341.963622
635,-231614.325725
3597,1112623.18
297,1145616.78065
361,6615.81051016
12925,188756.681804
3009,2753659.36049
344594,471413.768733
718,1392819.33692
792045,569878.641751
9819,250872.431508
427,534147.261376
544,393660.160854
100769,1257137.69245
33784,339945.326475
2575,677495.3583
211330,1578443.99369
55416,1576384.44801
21496,1431466.55675
107,773900.133164
216,861396.375334
1097,661231.495456
4729,473876.766295
15707,643429.802727
174,480838.330136
909,177590.140391
3301,-347100.862174
549,283049.464775
10737,1483849.87768
6079,106053.696493
4180,1234402.18843
127105,-106258.241444
1088,214568.954583
719,823865.02953
323,111120.532526
27652097,775671.915459
4676,-62643.259835
1034,1157885.42796
2509,1175896.64467
5042,985191.631317
555,120944.470483
4289,520061.331087
435,1919493.53788
271,639216.417629
528868,-462878.883868
647,315616.068648
1296,507559.298356
42208919,1410024.95222
159,291810.396387
43534,1719026.05112
167,362219.437039
368,2398449.11858
652,467548.728761
10306,-119199.712324
580,912723.723569
182,462463.103491
2345,-271991.102641
2544,-712909.125177
5258,399390.01782
2780,345379.706825
95436,747545.999478
473,-40217.9403677
3710,1991571.86145
55194,906216.543231
202,-90217.1990441
250,812669.541696
897,457623.573909
172,138210.501744
181341,435237.508755
6873,-244183.291551
2545,207496.621058
505,178711.249975
18360,964841.051944
24579,629539.603883
239,312066.060424
8092,1501534.54555
7224,367970.626142
588,644856.063905
538717,1558246.50554
1467,448745.54448
51216,602393.313347
5780,174162.13341
545,523145.837525
1355,511121.884451
22629,-122792.397086
206,-168675.551866
19833,1597946.73669
2533,680249.275654
57003,308572.32245
24975,376873.537262
86524,393250.433541
9215,760694.797498
289,-76669.265886
1112,-185890.236769
170,758686.990511
530,495723.968454
2202,-132040.546022
55166,393614.180667
1250,497679.901398
3837,572668.891674
276066,487477.357404
26025,-9881.89241704
597,571510.363293
4372,2378695.61255
1030,-714272.533876
208497,2041328.30205
591901,586533.527543
15076,1310522.82878
254,1251745.97572
100,583995.253314
2801,862745.710877
198,-226307.724142
1795,127761.887342
200,247527.182145
860,1252337.00644
5381,1894370.0192
556,1417766.92276
3659,256373.886241
4093,1044186.62077
1658,266559.410282
1727560,1117893.76091
263,2119590.59698
20062,308877.699692
9418,664820.802361
414,1172618.08705
2299,1183734.99798
5311,1273147.96294
22557440,1573881.09801
197949,750603.889267
596,843913.209154
7805,1476877.00735
10987,706764.463769
1101,659565.638022
2262,1006536.2688
3312639,645801.935466
198,341612.604382
191,2283762.6347
221,179390.940782
412,370407.185551
676,1589548.17038
15235,1317284.17091
679,844304.681048
19720,309110.515802
250,187392.69244
508,991518.570999
542,553822.471014
298,1381626.64831
688231,1178634.47238
1922,118438.660318
1034,1060758.65188
30258,1346044.9748
18182,2352215.28852
3608,-28781.2205506
620,451999.479824
1345774,-150690.96837
3089,357467.42471
682,-99638.9177821
190,-249878.487394
52418,1519449.76116
1800,477391.623007
943,240313.897357
2498,637013.474883
313,600621.102801
802,760191.393829
65524,-241690.98308
976,249059.617815
326,1850622.85227
130710,1425310.40433
348,555644.195459
2763,-716411.571359
5070,338846.936693
1467,3061424.40144
7920,557336.450803
4766,988210.122673
43507,1198586.41879
14139,1013060.01695
141,84661.0130165
1473,116566.695737
543,381112.338767
558,923417.312835
485,113078.046513
703,411158.524777
9651,720079.935086
1810,571121.252934
805,422138.56827
5890,2080759.56727
120,1537783.44202
3025,465286.484301
113179,3518807.73833
331,806169.543871
489,1164463.56788
19063,417268.531503
110227,697051.709639
879,477287.236999
497,1532854.4578
409,782513.12836
914,283987.640128
814,1108999.79918
445,716162.122886
481,944220.017881
2441076,654204.749124
2705,802941.739701
67019,649498.852644
374040,713031.53035
881,469767.432611
490,480855.447444
2025,274043.076383
7240,930589.89014
15833,686341.83579
560,813345.82711
5343,-206119.55746
2175,1614163.36615
2098,660541.522694
1367993,1980832.76717
30417,910006.319293
8478,170822.70227
512,635215.061106
16287,331303.639463
226,366291.351526
263578,3511072.54363
989,462552.511564
1821,1149339.8717
533,1529405.51198
840,488262.044913
176,704590.619575
420639,1080014.4582
4071,1561494.75766
1221669,628989.998263
792,494407.896941
225,-87482.6970601
1574,-241577.949841
2875,474450.576405
1205,1545559.26715
1058,123607.369119
103201,847768.252302
8508703,2349419.48852
2871,-163997.18548
312,858766.659504
266,-16113.428522
1965,650217.785487
844,648935.328582
4092,52118.6896594
7120827,895955.286682
444844,1142709.72458
582,401440.245459
160,-105778.873563
268067,1293855.18682
4698,818456.518522
1202504,2738002.92708
6098,1190000.12693
3889,854136.257057
48088,866934.059033
1462,524368.475769
682,109021.337295
1079,577591.690603
347,516669.898868
4115,283370.714998
245,-166525.05783
277,231533.735021
656,180267.633172
395,1095423.49193
195,987324.065272
774,57175.7613649
3531614,996054.154822
4816,-31880.238847
2645,521206.148492
232283,-76338.0733082
573549,590303.204579
7783,1424798.89001
64724,895277.548247
3386,1149818.45541
1574,856632.539524
886,-158326.827844
2780,-182555.48837
150,395783.546153
9682,2265074.93386
542,1360621.82703
75823,714825.041854
53081,447809.4668
919,198928.842238
265,718813.183786
16422751,551171.023436
7448,1680391.46967
6238,819641.964263
2287,-94968.1116141
11603,1317789.3828
1521,676894.438881
1681,-379765.711484
2059463,-372863.566488
5405,614773.024579
502,728548.328189
551,-262499.111413
1020,-400706.041185
1559,1049420.88697
10483,754158.71617
85240,725090.341453
1922,940425.32572
542,1109533.27572
534,-79211.7977446
18703150,611818.445732
2419509,2222602.68312
4140,930397.626809
4207,1870095.22165
33470,982554.271357
75786,1830740.66242
1150,432196.305461
9420,978594.826558
30258,729801.455878
132,-298332.70889
1112,640746.918525
119982,-13474.6623696
206,437106.054094
1916,378947.431867
2216,196042.008248
1404,1129710.39938
180,-27.2903714001
6237,631949.719892
55112,1893444.50601
624,248485.81767
1456,516576.851813
153,-290474.332049
709,1649610.87534
770,797587.472188
35548,307687.356547
557,295551.808445
4425,451519.99125
10994,495676.820435
70086,1126059.75439
3167573,584829.580577
381,205842.508032
527,266100.413516
2113,1944489.01184
451,102027.460554
363,1531187.14652
1112,252806.900265
25857,1972778.91085
454,1277261.0641
59687,618818.975702
598,1754028.09026
4144,1158706.15654
63375632,1129712.02396
50559,963690.702704
1557,819031.727148
2356,78952.8903612
14785,853036.386065
836,888375.269139
135,486637.591538
6171,452950.897046
2246,1190444.07029
555,-353420.218852
118926,1137846.09374
107,151882.815166
49240900,759364.625665
2204,648591.425378
386,-426560.891775
13119,161104.4204
839,1687198.47601
604,769857.952165
861480,612025.304435
564,216064.797066
6624,799996.37767
644,124247.923944
3433,696104.954666
46748,2247077.7415
331,394898.991328
1194,105990.498658
1044224,962426.97216
9191,921318.892878
2185,1153509.92276
113,421390.41035
351,1980455.34966
328,896787.319836
1361,218871.624389
788,29882.1629392
796,440345.143104
175,358770.959753
1421,446556.101263
192288,2456901.859
28166,326732.117094
0,3287866.01336
154,926918.240467
183218,1113178.39449
714,1155835.19239
376057,995933.440038
608,191812.448911
14775,-201187.512633
172,137271.862912
120,633770.172476
1285,-223028.628998
1524,63404.856128
2241,29550.8690645
2082156,260805.95409
990,377225.843519
450,506430.72633
15787,311214.925353
8056,1991440.93019
197,1797342.28106
33244,821823.37886
167582,641561.870525
165,993101.431771
1177,490781.45583
10550,949970.176299
396,184970.640474
27276,204209.999522
1102,181052.309457
208282,1056729.47649
86677,284675.857075
1332542,1799622.81862
3097,711649.962968
199,874648.879425
6035,988516.879761
1938,326935.80587
24998,715506.925944
6682,210309.746449
21418170,1183060.06488
108409,1633660.77537
4899,825120.640797
200457,743541.316467
57,478180.002545
451,1009399.85181
2681,872138.640812
13633374,414226.351746
28004,52266.2339101
101,285399.045477
4610,738489.021107
2379,-53239.0851379
78790,566409.347599
331,374593.958677
92909,2113914.20705
628,536344.909397
200516,978298.848857
79606,586063.719818
2494,1103403.36991
185015,466207.79412
9057,1569617.50771
190,327126.231349
1235,372954.115304
273,1132528.90896
578,571889.910167
503,683486.336478
1335,1300233.48143
420,240419.654828
362,4231.02606154
358,754706.091536
7188,938042.523787
892,383901.457456
350,2175755.85762
1009334,319941.492112
227,917459.987607
694,1167849.90457
0,2040346.86619
1638426,807547.671626
83307,1348882.55366
696,292664.473316
141,941035.009927
382,915140.602827
80702,1501710.52994
2735,485919.71535
3501,432659.20407
1287,773060.019401
308,867625.47533
3145,1035182.27985
14374,1040652.37286
83522,3114833.2385
105,193003.632291
145,1285737.01452
1158950,508275.300184
2410,505842.878563
1401,546777.893699
927953,1079063.03878
3454,1657407.53896
366,354139.010355
779,1359733.68011
708,380670.934496
359,540525.628782
481,1496091.32872
341,-32001.5378334
1194,665392.829253
36339,381412.407241
13401,1907413.16783
7324,1837180.14412
2657929,1763592.36017
6125,2463072.40323
83,1018621.6899
3371,490130.727632
2043,1005535.90563
14069,808865.314561
22910712,858926.172639
1025,647666.370687
150085,911204.417078
28842,890064.187775
47201,259959.005819
1461140,259498.040216
578,38902.8127079
1611,951715.752572
1347,323446.130197
978,991315.782862
283,331817.168069
442,1038528.31073
1245,923578.616488
36920,1267897.99811
128042,141356.810822
27486,952267.444898
683,-98302.5474286
616840,1115712.61567
388665,307294.993999
1648,951289.949532
10414,1431351.27089
12207,410992.814016
458,569528.543378
20256,1470937.3231
440,1494087.41829
43234,1954783.27015
545,-395386.22405
2548,416208.985395
157,168683.652639
1153,884390.43233
48003279,520212.147053
766,1529898.098
10347,484906.84697
168,450341.583193
20404,600627.817836
4569,1584745.76913
358,526470.704128
172,1223746.60295
8117456,1226099.6429
250,1246799.75563
93,708703.081386
6712,1130967.53148
789,476357.509875
503,832752.497959
2205,1355503.52311
12822266,261290.037693
313,685555.396551
542,-85766.3243022
326,-584886.439231
1318,1331397.33431
17052,213720.517527
1320,900116.410394
2293,197737.968815
88998,380092.123731
152,413775.711538
2177,1461894.01088
3399,1059153.87484
416,2015278.21473
281,1475095.12151
642,692779.447812
634,426929.256739
103,533378.681262
104423,912621.636441
5687,879539.783008
146822,454866.840323
2048,376540.413568
1443267,480870.041729
1400,921378.175678
33958,2314817.14084
1680,273354.392177
11468,632537.639914
258995,684268.822484
9503,-34375.3671889
20561,87385.4572539
460,405306.914713
11633,806961.635194
759,754615.153052
17133,403093.680702
550,520924.361267
60465,2229876.98301
845197,1566827.17966
5635,336784.795027
47749,744453.527569
2485,711399.873637
928,1868042.41013
434,1136025.69597
3422,508276.673084
465399,819386.474006
838,1518649.12583
1310,239131.887717
554,227052.573038
2816,1740265.10807
797,427581.606993
101065,1261000.89024
3850,761710.275906
635,898190.940802
2694,442880.193637
7722,915433.321347
27131,1559954.25366
3345824,1229300.5456
3069,925806.779657
1320,275222.263878
12245,134307.196091
2196,2446390.69977
1519,754330.335254
439,529722.949996
1233,428864.511399
167,-57289.6908296
561,88257.9414224
168,177260.185513
4597,1508094.22056
5457,622403.529785
19406,912813.946155
386,-456599.49189
2201,399976.363562
248,378745.307467
9815,152527.767805
50630,1936257.44175
432,-415731.160556
148,309080.810339
3165,548307.960971
408,719759.80482
162,750823.476367
4458,451789.254465
108,240642.327962
458,299421.96478
124,-37155.0003953
173,661227.622344
21785,1164202.49189
470,770728.412789
2187,1247476.18689
24934,1058183.63918
245620,945049.921734
422,539485.707897
36492,511584.139653
780553,1777784.49014
26297,3331595.35013
839,669345.856628
123,-255275.816825
2425,568284.627216
723912,789041.010261
581,438070.177872
49334,1701595.37191
1309,1124247.91524
1829257,3099321.83877
5118,1168487.24781
274,161303.230671
532,319130.011499
766,759781.123922
278,290639.445233
188160,1072543.41006
0,134239.067329
21569,1199673.10606
11295,734772.193201
1283450,2043808.70148
1048,-539462.148016
3311,2462543.77798
1208,790312.974842
1294,531172.178665
141502,-30015.8831559
183,1038321.54938
2294,234914.026012
250,1256195.19184
2294,409381.103301
260,2337325.92611
53706,648148.299578
2988,931887.624318
78,118963.934495
39978008,480838.206746
984,368614.432056
218079,384948.078063
2741,449036.100806
3190,1159889.67676
274,778447.052587
145353,1001555.96054
2527,-101176.958583
4313,1141914.77029
717,523931.637891
2216,1005909.7283
133,366486.077033
5228,889705.370053
4848,295952.157709
305,717308.487042
270,428514.929799
1711,309666.439858
42,586707.34361
85009,911876.378338
944,190550.604068
1557,-317901.861572
3418,1038109.17162
679,346958.456731
409,520809.409234
22415,431232.345627
1123,552403.748202
3592547,1561598.28606
313,242944.040049
173543,1681992.62507
56064,1150174.44959
6084,335801.033812
179715,934711.523908
2994,891892.178926
6916,1043928.2412
78184,910790.736796
305,233361.74444
671,305722.504502
4950,70226.5146649
179352,444371.423516
254484,767684.521808
7247925,1175817.07961
741,-72226.9065934
70999,-144801.622141
9983,1013226.40869
423,244272.764907
38024,589968.169142
198757,-32778.390132
296,392614.297722
409,682025.177352
79925,1863427.96493
273,475455.785125
198900,279888.840242
193,448435.794337
6738,1202533.55979
2363,1731725.06782
1273,624629.484761
2257,-182802.412585
2847699,3385441.45636
173,309873.521246
1900,225820.310453
161161,842743.931032
1608,389988.987988
377,167062.88656
168,832768.918855
4042,21399.4528564
441753,705662.098016
4629,907775.473456
879,834106.523417
1028,-256104.323152
84921,1871040.9172
8373020,1959039.55176
7143,1092451.86622
245,492581.7245
220804,556227.565234
1279976,574437.679395
40688,-264209.485108
23621,698836.946201
597,-3755.65948853
204,1705897.82067
562,922521.532195
3433,1154602.03083
95041,1421561.21139
384,512654.875111
10968,1153152.36314
673,2177827.06888
5990,1397418.41721
399,-501714.63259
0,634947.972539
1466,2046861.61702
605,584712.52329
1121,1711502.95016
1001,-35632.5552403
311,132580.329173
5845,1340085.33212
2570,644521.348483
850,745750.345336
351,460461.836097
135,2049644.84114
5590466,319030.580404
1645,118110.862488
910,-122245.213374
1466,368670.497599
2581,140687.178549
30438,2696149.95415
2211,1105932.78853
2615,52498.7139888
12998,635976.400816
74976,788269.719383
2195,458709.741547
1136713,854692.985315
1238,392028.916156
404,-139113.406508
54,1240233.27899
703,517466.213713
71731,363025.142881
26379,-520312.844921
338,-800576.595386
5055,380467.636941
792,921612.278558
26861447,451218.421258
3484,559816.456961
1446,196962.364309
1101,306683.516318
489,-14589.62039
380,278876.993716
2232,-70549.9117805
191,769441.598062
441,277529.545449
64553,416566.608789
7163,2068284.34489
350,323680.125824
3738,256104.493863
1833,356691.673506
27570,485039.311495
109,945559.125331
1130,-481538.364402
489,564243.889625
509,357149.615025
143,4048.3514443
663329,1322340.38625
4451,100505.698351
535225,1230449.09027
6543630,531484.106183
2711,1242470.5472
12389,1365287.63763
1469,574255.967615
305,37476.5922964
579,1588796.84462
13170,130310.095763
2841,-165521.509924
2858274,1971993.46122
358,343523.024047
11520553,767839.880859
226,816590.147936
524,782473.418076
1205,91891.2847976
1047,788448.695612
38715,1287451.33581
689,-262566.820636
31248,1658641.11566
194,470795.404562
59,-61156.9402258
9376,490852.040329
352,164867.733406
79270,1914272.15387
2351,396505.967253
136670,1421285.84577
336,201715.039289
286,672922.534713
5466,-766051.282842
5802,1156328.15878
1332,540865.727192
338,564821.702395
527,513351.385624
679150,3974062.38437
799,1135460.26925
7228,721727.610746
483,450109.417212
4178,1127316.86388
3004,845225.031364
422503,-279262.38066
1371,295888.308746
346105,619475.469848
1462,527334.535193
324,784856.464917
2996,852563.67959
548643,1428004.81407
2736,1125927.33514
168,300502.468737
621,1145104.5383
10404,669892.639398
424,1000333.93903
5187,1354060.65379
1312,3339384.89957
287,872387.02135
823,188035.24296
1066,518078.558061
65992,2019761.66496
199,51363.2903875
157760,430458.699595
661,768386.601009
135,-150020.095536
167,580699.615192
4319,801611.406633
75200,594078.087756
162,-116114.896493
611,-134558.373157
31117,861648.613315
105595,1298850.33303
13583,932361.647236
33368,1091897.49811
2525,604242.586684
249,323883.185116
8366,638182.386003
72629,607202.713545
382,742137.271198
522,403775.449751
456,928949.028213
2495,868536.828981
571,499363.586458
780,2765576.35073
527,325985.152289
13005,1185204.05383
134,76441.0597026
218,466699.999735
721,302941.348873
5487,1172424.05288
2923,606663.414074
1181,199040.973137
18868,2018944.38679
6904,954240.998212
23785194,1275013.12414
16124,247673.584692
3102964,-176912.515437
668,210802.901823
216,275182.776126
2906,-2895.15764423
2495,212590.225649
5810572,1103284.46303
156452,721246.913112
3902,1216807.59291
5679,184875.5905
9951,685999.093801
1639,-326533.753399
3060838,590615.786631
8552,1527831.56801
1486,117935.636884
1619,4616429.93081
10779,885883.857513
1054,153767.696413
115211,136135.127163
3125,425284.876254
190,205079.833905
882,884409.643625
5716,704509.61139
715,616669.742937
282,218045.159615
170563,866731.678421
808,383581.310402
935,811981.08033
153,450973.61443
228,200822.777881
246,772111.681209
6380,458986.831898
453,104145.264525
1371,1302701.42194
1142,1690667.89069
190,-271220.89388
110,604246.973193
644,95703.4428425
448,1339725.04337
80192,1358078.20684
1677,3052680.57352
3605,1027838.25155
706,813296.767793
1711,389504.790559
9387,2123623.38975
240,485620.668692
426,950151.921333
24059,408510.76793
27429,1820720.53528
1451,1379809.64484
1426,-468903.537119
897906,98848.954771
7657,901622.459247
204,900575.091282
10347,79010.4129942
206,659268.005269
14742,609785.227788
206,231486.676175
30904,1177364.66447
170395,1450619.71862
107656,252590.674352
3735,655353.152346
1303006,1596294.49996
3882,568793.737108
159,364153.529165
1452,948498.151009
285,-96216.3802326
177,784234.209018
852,323024.487059
20924,7778.09615938
9037,814782.943612
527,749279.660359
260,1308041.71018
4625,358088.63149
65281,403317.808187
164228,843401.238709
341,-59351.5881907
1030,975485.129687
9697004,1448359.45297
1818034,858151.27088
5924,1236009.56113
932,1536651.52784
682,725063.395755
2174,855963.352425
415637,554165.71069
490,861964.741024
9145,1786227.38817
638,374702.935171
2701,918278.969437
2031,141957.505175
2431,1058470.04109
1287,584542.264267
364,447965.303225
3742,659835.578995
25453,125242.628187
1761,745867.310006
182,1356296.45748
5264389,302762.981641
1383500,1255833.02293
1278,242833.18895
320216,157750.205776
1938,557760.566341
896,368342.086936
440,647054.732161
116,398617.630577
254,-72425.0263729
9023,412767.18469
49704,839677.821562
362542,310940.107237
2300,950582.491718
2143,478880.608961
65579,329683.691458
84978,259342.886915
2050,970267.142334
70579,1155306.35805
123,516256.487433
228,286878.262763
34405,1163857.42817
284,1331768.82976
10176,1686683.87107
153155,3043767.84076
318,229540.924466
2043,468089.664314
332,-18584.5554838
5024,1672856.69124
8189,562386.745943
1258,374726.913335
972,1451375.39331
369,572927.987118
267,420109.576954
257593,2533352.28463
14224,539831.397793
759,-351573.513921
138266549,2459735.23649
1781,746761.211897
8959,603456.718203
670,764140.162364
1418,392872.133571
289,248583.280374
75888,2313580.08182
3993,985390.248055
626,689048.723798
4052,1061389.60306
884,753208.774552
528,-362048.466152
341,-70826.1468061
567,627108.688924
56322,1426279.49222
3879,32840.9391704
4480,361545.993039
8506,1547040.39083
228,545001.801668
352,720349.769403
918,258429.986008
12642937,3331.01518279
885,218274.603799
389518,423220.854079
392591,484146.646291
1389,793310.532701
31191,495183.73918
3706,420308.327462
11594,831970.149269
1341,491039.599733
6038083,712365.286784
205,1021546.06541
3814,390526.066757
9480,414031.508559
3559,740575.98123
324,1661340.58473
4308187,472141.070508
830,-559028.032633
384,490522.603433
15674,1878394.21491
40687,834693.383352
78611,501298.608683
24081,768188.489621
5261,1459408.74907
28879,1309675.02916
295,367431.817098
433,256244.833218
3868,1085310.0729
17540,1242693.44509
61856,851964.960406
2701,727284.081104
125074,1046592.91736
2603,1019729.83536
478,1403423.77563
48260,2545472.6425
750,1001045.30071
551,1396183.30514
162,468889.428223
7968,904101.161056
2592,33897.5195277
141,292764.018355
13326,136259.053617
386,132346.047472
204,941091.984742
488,878338.077834
50463,1323184.15666
453,802196.594895
1990,374233.555864
87069,873455.473804
118,124762.385852
1109,723987.355906
540,352325.931964
9985,2742716.27836
4019,992158.968006
48364,682809.973488
427634,794298.077087
2966,695864.045783
72006890,472518.552306
1508,354971.530404
727426,786938.04862
337768,827008.650654
1321,141372.536102
1049,863685.739162
1888,881063.719383
267,242430.366039
172,293895.337708
1412,1654237.26589
4600,26855.576033
13735,1362574.95346
234606,-1649.11516886
9837,370356.125686
2433,-130511.491904
183800,542807.804785
741,137245.370004
476474,1044941.62246
411,688202.643915
376,-150885.877223
220242,887816.650495
20110,-145096.035654
1177,287389.833387
17553,28187.3897141
3356337,1107046.75467
271,1036747.06212
5731,907896.54249
2853,2788391.15158
1895,807464.900857
883,128477.51228
3526,562602.96579
83056,593952.655459
484,329895.065803
6279,325962.670282
193,848980.233307
284,56820.1583062
5388,658838.267514
600,692135.110125
449232,613733.357754
89937,1478655.47137
13673330,1888694.54826
928,396102.313854
260,-156298.401906
3579,635509.002836
805,233391.664364
107350,1097020.84266
934,1148941.56227
124,220991.386035
4689,903694.068157
194,841018.784944
825,558405.026761
756599,787042.28302
475,753397.862339
48436,1834687.21299
1358,-269604.029446
2102,637155.744796
7728,2159279.65261
1482,275827.804728
2491,539794.18489
535,264210.545888
339,693091.281913
285,717200.116125
42482,204405.283844
8126,602079.837007
8106,-632971.315908
30009,1009200.04129
196,687544.773946
3972,255343.70635
6693802,354530.327672
8195,933186.459322
253,-114187.463807
1392,316960.819741
873,895006.673652
803,1586150.20426
571,865510.002311
261,258971.69689
72556,1407407.70168
876,-13107.3977567
150,101883.211831
340,527977.830948
140,-79884.6950881
185477,1948450.87605
5972,812337.040567
5558,955459.95512
1149,378348.978487
150,317101.523992
96306,1809753.42618
1901,398033.495252
677,136441.675175
681,1417577.85336
454,77816.5031101
4949,895568.993753
3702,883363.73857
398,643330.959229
307,331468.359224
933,959101.572371
75000,664001.963022
22898,595095.161275
279,635913.351394
15034,1060184.07128
4583,609084.325251
50934,2648848.30911
1282221,-355766.447852
25637,1292332.15843
3880,1830354.86611
977,49405.5460532
5482,187577.905394
10924,1144444.33816
682,130087.802738
46522,833683.631849
1520,980151.033358
2595,71256.0805575
229,-342079.002792
6027,350668.126737
547,274782.009634
482739,879416.200454
105,19653.8008368
485,277725.37212
36,222656.005537
26036,1909330.23199
37786,297770.378614
15544,1193757.45562
26946,1980164.95316
825787,1725090.72772
3661,1032445.31838
472,254799.363726
380,677499.861098
77438,557963.617179
46454,1125441.53833
20517,-576779.657899
75302,1351269.16934
3648,567842.870608
58443,907907.068544
197,199964.906934
627,833792.684789
1441,926969.674894
995,302838.306044
6215001,948535.400497
2390,202363.162492
3647,493067.633685
40248,-124172.525023
5926,189266.51478
468,412172.845985
692,375570.748308
3075,282914.236284
413,314921.921797
970,345013.953587
9068,-68751.5620896
1678,1106222.47934
34778,84831.7914526
6581,2899532.97741
46746,2478871.56328
902,604479.241671
4165,118472.373633
502,1532905.00305
1019,669144.905389
3870950,501735.338137
207,1026037.14746
77272465,1141693.18399
13623,1876619.53218
472,756670.768181
197,360582.21097
242,289712.403941
848,1318017.05106
1138,161860.943858
713,1272069.23351
183,566723.24979
13040,1097998.94197
3359,585368.36915
9319,320172.485174
34246,555908.179069
5093,1130973.83589
21381,453793.880257
3032,1050181.56102
1130,1237884.09913
1078,584950.793064
247897,798709.476599
147287,1826083.34027
136796,537184.470711
470,800439.687796
7870,-78120.6003171
7681,265175.128736
211,596365.048129
2695,-182635.577608
58219,-240585.9995
1555,-3195.01940885
168,582756.199644
398,783189.084089
421,243748.21415
293706,311800.852427
350,843285.527144
216,937530.406105
1365,437182.113266
424,164804.81243
1432,435619.434586
448,567026.269205
438,510869.65961
14297,1197960.45395
116205,876403.90702
494,-24268.7146409
2018,726643.242087
318,19663.6143068
206,717942.139182
8508,923230.122985
159,-89474.9304866
1090,949735.528959
886,640086.061537
9344,-187151.741057
42752,751449.809323
304885,518270.567281
3107,927002.974873
1100,-446416.182913
536371,233303.326469
7428,-288258.064104
604,506004.820657
30117,-171503.161254
339,841630.789902
1845,-173476.925215
2513,-556232.373639
266572,550353.617603
82965,1464047.51694
441,-105683.910446
625,312602.579149
1258,1036098.25824
2636,1102806.27522
8731,4115124.82299
392,389755.033514
1604,424563.685811
969,694776.83013
6866,457342.377113
2342,1239145.95278
1753,1135808.14922
15380,1557502.55856
2333,292819.172586
79,554766.717936
25472,3435650.92047
6079,-20472.3124754
914,-315072.058496
17125,912845.270329
183,375596.788697
374,279888.42928
288,437159.489841
281,-192743.077076
350,1094440.34761
3891,645009.222863
77344,1568069.27557
715,472694.450736
4432,878944.54307
2655,593221.765909
4712,1433213.55653
137816,1983485.60938
75089,831300.637531
152,127080.379878
5563,683829.714894
4463,372867.25631
9956,669664.883382
1327,493827.812519
82637,1596421.33192
1405,357984.701294
10568,372553.542088
228283,335736.343958
22259,1451249.90418
599,3075034.89828
336637,-535988.365038
288,708260.920238
7952,465229.301794
48319,789905.0293
2123,676715.539288
1270031,836462.540199
929,225015.559613
1206,145211.852714
1292,1817300.01386
291,682832.291668
2627,526830.379374
35602,1066891.76372
168,-493423.753161
15377772,315563.435806
2110,317068.428845
3598,178830.763485
1583,1062746.30299
227656,374407.211494
2917,283117.398276
2209,87100.1233024
1034,-6767.23875914
554,1172294.80459
7697,1518914.58376
570,295520.188049
1182,820387.873245
4098,1623873.4528
6480,-144709.702945
21097,891148.226075
406,1617645.44884
1440,225958.489254
216,179792.846858
5768,1009644.05931
108,675651.931544
4627,305651.893726
117,430566.176369
161595,975491.138108
49721,1038878.78691
429,342537.446428
1120,185854.940279
6953,98868.6086303
64102,112629.042027
2393,4998.49734001
336,878135.781691
240,1513747.76038
826,1503338.06064
229,439509.529355
10616,692185.212313
907,733741.365128
7578,1540202.20505
2392,343590.894409
1014,421941.205106
5648,377679.182959
4923948,1510563.48323
1158,2896369.87008
67024,525203.729829
306,395152.26959
5622,757913.951565
67355,682548.301738
1721,1355515.67214
114,1016952.08721
443,1532649.80918
7790,988674.496642
15037,319912.406402
55243,848920.86716
373,485443.996722
264,285919.452238
183,-331165.960349
1155,37747.5922762
131285,1240155.15204
484,212552.353052
2654,1567356.42094
2522,219384.57381
430,753588.766277
4520900,857871.774305
15301,658057.324066
412,216342.260302
563,518325.399519
664,-22124.994521
2407,870531.934397
1021,480000.617343
27710,1014541.57621
29847,510768.127896
48446,21590.455593
641,487067.909639
49568,868139.585701
12185023,111769.329783
1062,-96785.9649579
4244,541826.715948
4714,936232.709953
454,609633.634693
1194,1447996.42301
1620267,1936835.21018
17293,860840.665796
375,184494.820313
187498,226811.748712
883,-92806.0656269
1000,1245168.08304
328,846397.890265
11495,935187.474569
362,608239.959696
1039,1182797.65068
10137512,2070871.6375
7267,904615.157898
314,684803.698719
767,883840.765839
102082,2478759.35966
144352,895492.175886
5057,433150.247253
1394976,1181354.1137
88,22809.4985515
6350,1088168.44048
489,479876.376448
670,681138.942403
197,67990.5179612
405,517344.1578
4757,139372.947121
182,463860.237368
23061,7672.38887973
38153030,750088.240525
579,119961.125428
1643,855684.944931
263064,359144.703733
83425,805031.823955
369,572814.541215
18242,2521835.55523
1050,1139188.55352
10192446,805629.569802
602,636855.133908
55953,702582.603227
125,61887.5483233
9208,802247.753386
72159,483820.067665
603,731892.949865
510,1085051.68525
1368,660669.658798
2268,644256.055797
30159,185995.188928
571484,1551847.76703
68028,100414.435373
321920,1365915.81674
9220,1479686.45639
71986,444189.359021
3454,-292042.069501
265,262395.933377
57944,860197.200578
19378,945086.665021
134,446232.564302
577316,375863.406631
4237,1230403.05932
889,1518330.99876
5235,-14229.0005413
190,2059112.56444
175,1104582.70434
2381,-129029.346047
1212,333302.478391
627,1058525.39365
13219,726476.954053
72968,2060351.59642
1202213,948784.095914
1587,-308104.835592
83572786,814694.780186
3404,1173991.55813
2008,638084.422115
238,694526.648845
479,609694.806504
1199,1175856.15004
364,196572.422999
251496,185474.27423
347,4127.57914773
6387,512196.435151
1586,1494598.25732
3279,166437.168437
2019,137477.816768
146291,673155.00494
1089,481257.923062
173,515413.728492
36821870,411868.90572
11616,1708547.24618
6766,1028180.66244
34182,681176.320725
159,3195101.0595
1519,164396.420274
1257,1329827.73347
1709,58848.1014576
2126,430295.983456
83,794449.706714
4883,282742.614573
5435149,838461.702232
371,287193.222322
3379,662372.410378
40425612,2893369.9473
4507,611756.848765
6530,1553.87370573
12644,-64981.3528131
281,409426.657648
63511,932056.785404
1086,1200432.39724
545,925194.721148
332,16502.1760049
1289,448838.954004
199,674553.321065
61475,494879.69886
87903,427519.002618
295311,2153022.38595
525,-392523.40403
646,1005052.96261
766,788397.775551
10332,1487957.40048
347,-204857.801467
29601,1297080.75002
1115,529402.437823
759,524146.768274
384,331758.113401
30732,580249.7226
844,430894.619011
173,-282273.013058
194,-445104.654636
6345,326433.222975
573,235775.658147
874,932114.261452
1084,1047130.92076
1810,685724.732547
516,681141.772217
506,491301.486362
1094,986933.048788
467,168236.708219
320,574519.510059
11418,540297.242581
84,383797.629799
419,614250.283104
18917,465301.910368
338,299435.656488
429,84756.3469544
417,208893.343719
1371,1179993.88658
494,1702767.17336
90168,618831.825176
343,401205.319445
277,369021.972938
911,1168580.20793
2463,1207184.70378
901,185161.616142
601,822695.853852
3276,875517.246767
645,275582.498139
809,-126620.944231
7321493,1897330.6373
5378,666342.942538
255601,1784833.71097
138976,1254365.82111
1783,-419538.652243
1569,985907.5293
548,1125737.7071
9984,1476055.36701
696,-283410.298003
3832,554828.288721
74,1620304.6272
1329,-153637.268082
2776,925987.28136
497821,154512.304998
1935,406005.255889
1885,1536584.96273
212,517155.378003
444,857181.804225
433,-116140.919148
4632,1147314.12039
6687,1813377.51881
532,466296.443772
11422,2471461.71213
82419,691079.303467
416,451321.114697
8873,1071679.51601
1391,305886.103637
4596,-74663.4791631
915,-109648.529473
59056,403071.72221
160732,1821969.73248
179345,177234.23103
185,289042.790065
489,200603.508887
146,11069.8902229
1259,-228205.949908
340,509686.430819
453,656629.830726
38391,822140.029029
1276,646406.240902
167,772919.568651
449,-179948.770181
1433,439534.876196
107,1300247.07463
482,1038264.28471
591,412935.140099
1534,851589.747948
361,306553.525663
625,1201510.87597
1439,107061.243064
9963,691462.316092
466,1700709.4045
1646,2025925.37542
335,835671.861451
1738,664299.303779
59986,1037031.03354
2521,463370.743444
1851,806582.900728
6938,1085954.28443
4093,1264962.55411
1121972,2507458.30126
337,189289.454962
47,42040.169289
7140,474321.639022
56032,407566.84541
624,786908.989469
392,1248614.74608
274,2184521.55221
1155,400221.415523
830,701345.551532
198,807150.874875
50608,1201260.84272
335,1029702.29214
891,1079099.66891
4602,241005.727985
577,469318.309027
1418,193481.582304
33592,715658.327398
1472,1428179.55266
1417,502099.736805
439,817843.752905
585805,777072.390773
5225,926939.453027
3826,1744538.1664
8311,1382800.06049
841029,1026166.06661
132,624032.481609
211,821957.976893
2815,399889.788128
937052,-138656.87608
12573,1619592.91387
12669,88102.3821629
9696,673811.806177
119,1070025.15614
584,1449365.13877
0,719164.199745
519,27126.3168226
346,457310.015973
32686,591752.489501
6161198,1624667.31838
174,620036.195055
4698,893845.444213
2092,428506.174098
36809,3053347.9371
5058,1250768.56432
4511,380446.653929
338,675448.760598
423,620380.011719
30150,322658.058371
64403,783990.039024
6475,406293.553909
52869908,1032247.56436
6187,1234083.75656
287,273324.496935
4101,993169.206841
110130,1660394.81708
362,1855586.02443
2434,1167794.36255
1312,518871.887284
6087,800242.2792
514,2491701.24959
134,-86871.8458664
357,602972.863097
78778,1074322.02614
11270,629143.596136
12021876,454586.389674
3645,40419.4656763
30509030,585582.630723
50954,90948.2547343
1046,1818561.23251
751292,953058.363322
412,260957.714208
46328,930747.287523
536,456399.385516
508,1308918.96278
754,604359.823504
1102,307408.854301
827,1366730.52659
180,734072.023544
10054923,2388601.57325
415,459624.720278
140,385858.369038
70785,1033494.86417
1117,445797.780444
350,221790.922887
27515,381978.186244
5707,1783591.19017
809,463859.245867
2917,411605.71972
399,991615.165981
203,936721.402029
185,499239.45643
4152,276687.05745
1798,1287917.70713
8811,1432531.42225
11459,1105253.88222
107087,698764.700249
44,-479947.674203
315,76724.5074512
1197,156640.161983
4412,2606985.36415
378,318311.579477
248,718979.314537
535,570931.03413
911,584145.8124
2293,329916.124374
14028,-11529.8812833
418,146258.68573
240,81242.0470897
2277,591547.264277
5513,506110.889069
468935,512233.871885
1607,626888.345068
705,1325194.57945
2572,2592925.43682
937,62059.2065453
199,435353.765242
22102,396697.915678
2705,612362.019674
5415632,2131265.87646
973,397826.314424
1056,1365528.48797
2966,-303931.918592
458,147424.966054
1450,874494.468151
3136,574651.242753
1417,675307.96789
510,1229397.24002
2005,95210.6249509
748,975490.68887
1119347,1228819.86232
5883,462069.461473
125,568869.449533
588696,1212946.42316
713105,2518038.49847
289,850256.890488
239,1755953.04769
5013,366646.01421
400,1101555.38396
26254,1952473.84345
122138,2172758.51853
406,1053479.58208
142,457785.679791
15907,-316900.438762
5853,3471840.51418
385,109361.121596
2686,712003.35769
545,760530.308255
2494,-164577.638972
347,-58499.3246768
39572,955411.397447
1189,2067878.76735
519,521990.749195
2404,-853555.045987
1669,399083.334047
1891457,818206.582632
12132,167257.863881
239,351221.004694
305,-69528.1657391
4388221,2325079.64775
3350,1325191.96516
11548,1542456.36619
2053433,654708.7633
196,275664.121448
211,645842.858281
134,403836.840503
323,292396.839896
424,593220.541816
117,396733.988519
1333,662197.977072
3155,704936.911303
102569,838891.637963
306,2015676.9626
4296,67662.2926854
2330,1075767.85698
12776,805568.713997
30540,570190.109699
1260,733165.500178
4284,216515.989638
2048,206387.229211
13095,415543.329953
22531,1255389.02796
1052111,725228.73958
3183,686013.4815
175,493979.393876
48583,1696233.60182
2589,1011718.70904
