actual,predicted
1628597,1189439.7677
42038584,863217.185732
0,115865.731897
994,-16980.3480433
592,277493.777268
810,1941971.63499
1379175,633286.357792
868,490921.746519
174206,506144.800704
954,1179332.83237
687,980733.012014
1693,-24577.8650069
913,-202308.131456
81713,1257749.21382
1534565,1919568.43466
6482,1529581.99515
420,287049.062442
261,1393540.2
134384,573769.872877
5001,814564.594749
213,107570.879874
7880,66683.6408645
5591,2004499.74275
283,263537.021873
481,209236.738295
3292,-433444.696718
4549,594424.493345
962,492043.915561
3279,2524.23924801
328,1075123.01468
70945,896624.72951
477,856055.087875
2479,479354.50033
26353,1239474.52157
2624,938986.186049
654,-24666.5795222
1455,577327.710244
701,2846.99492927
1198,935512.656286
214,398501.666026
815,478222.22512
631,1416180.76355
740,543548.717615
138806,336970.553329
26932,1033639.62038
404,611708.03403
370,874286.130477
11088,376101.232324
2808,43340.3379098
277,508984.70887
492842,1804625.31157
90932,1391881.84226
25066,326209.887309
408929,1514025.32082
1358,1175935.72116
406,411885.048858
1248,566749.568648
2023,880168.250739
2373,659557.272666
318,238061.143263
435780,237033.257096
897970,1327323.64695
16439,448998.747208
1896,545542.411781
965,698028.692255
2952,598487.917996
34915,759441.548219
93,181721.276378
2946,-83295.9908067
5390,1159651.58908
3160766,342879.340684
98177,360111.761013
383,208035.986481
2244,2393474.71237
510,1806303.10843
64486,-287717.58796
91292,239064.644195
7194,1420166.77196
4652,1237192.82668
751,1140584.30348
65,-250680.152101
589,237409.500568
88279,1029399.10007
1615,436735.940352
729,91497.4273673
1676,-117787.11941
1601,367030.862672
1895,1105341.60461
4001,721061.229607
4183,351099.662747
2001,992689.875934
38464,885077.314791
694,497317.373469
873,420653.100506
2015146,1627821.57941
487,4801.04265898
1060,595386.293065
240,564301.036336
2077,1448868.00225
1351,354038.549106
125,1908885.75342
427,147316.29714
1048,489309.98167
327,366154.901992
522,125314.569489
1505,3118625.10909
116112,1071027.11983
12611,1294299.11698
2412,-518021.252942
37074,1290366.14264
192,292932.695068
81,1686301.25798
659,1675434.25105
88836,782611.121574
3802493,1107568.43896
370279,1123893.25152
601,958066.271954
75,858670.797778
2427,457349.216512
95294,2527259.60768
17514,515824.993309
3611,1218357.61286
2983,380338.019194
463,570841.094804
538,925475.447765
842,128982.20904
143,1224688.62353
1581,467049.53396
6150571,1668728.20666
15976,-87838.299377
613,45064.6221502
855306,1773666.38587
0,110859.173861
184,503725.226574
9047745,1096758.18158
17138,1545495.64022
400,1234629.45143
4547,970895.403463
1556,171763.908923
314,241051.085485
391,2399518.64002
792281,1661809.49023
829,1191302.77391
9226,408251.693784
3785,-238209.770267
2256531,574144.953571
303,185583.748149
3834,-12259.7879246
975,2602678.94569
401,-796438.692181
1235,369500.14923
29228,39111.0758335
4610,424961.490837
1141,1219502.28021
717,777279.263106
149,490964.79846
7675,444112.308215
380,1003668.8908
153,1194608.97905
5066,-1078744.64348
375,-379205.928723
846104,930005.715407
12021,2899645.6293
2193,284468.703116
50125,601848.634071
300,1981858.4451
12003,690837.21556
8842574,668668.16662
673,395402.078504
31268121,601647.945957
43537,1730060.00663
85779,981912.403354
679,237065.378451
373,798008.606903
5934,509188.610924
1601,514280.024752
269,768873.423747
842,565954.597932
64828832,1431696.08009
531,256958.79089
3056026,642633.578112
40457,1031514.67635
638,-2231793.96924
50410,3383036.14429
289,538771.129762
35013,1201399.59381
283,1551533.47137
1537,454953.766389
1111,240873.618759
2483,93873.0680928
2091,911852.27114
288,1188019.72792
675,347217.334532
3631,895328.706803
8820,656795.371869
168720,2419439.17731
32853,2216801.02875
408,249427.76281
243940,1363190.69734
1090,836731.241149
2319,139161.018892
569,521670.872763
147,389335.194538
61218,1486826.53873
328,520277.944643
5979,142085.344571
311,607187.897504
23512,650621.573638
37909063,2329807.4391
2449,1092479.02772
26296,891519.483161
4728,42033.5325408
18122623,1733561.18407
446,651168.894443
177,264750.060739
711,421949.953961
12655,516780.813452
2446,-475922.964805
603,328430.277468
807,-202688.189411
48237,1133131.2267
12011,800893.602227
89,93759.8419542
160,1472029.09986
3150,155774.703522
1563,567842.812521
2583,282344.475301
53711,1404279.89715
3730,470082.661439
23623,822692.058806
64944,510691.305205
316,836808.401449
14306779,1901015.45489
329114,2203221.74724
905,865632.027926
6043,1296349.8124
3765,592510.660015
626,175247.95971
340,439215.054186
409,506006.25953
254995,473715.973506
1030,120755.922597
253,-308070.914509
5244,796928.923226
495425,468352.697802
1552,-298555.890289
351,1199783.68439
1283,933936.311947
5176,53555.9363413
289847,697622.908211
452,523857.265911
456,508762.401699
1005,1524487.38071
1808,1303955.07435
740,795862.626426
645,1629636.9106
320032,-105702.1461
3628,162781.84198
5326,353103.350383
2025,637763.828579
1679316,1948002.40845
622554,902865.075816
366393,449470.785131
1360,731086.70144
951,1003860.83322
552,644938.059764
52768,152316.174438
0,-113054.855097
107,429525.318275
2423,1331684.76842
317,599746.645907
1096,790514.079178
18643,395920.258566
1760532,1034220.08407
4019,917056.483485
4351,166969.057517
1728,296647.641378
173836,2709030.41996
11865,523389.966862
2265,1698948.34827
215,445415.488667
66,144596.661674
119786,596126.041865
475,1269019.75446
396,159443.767387
60726,217551.950458
4817,554376.884489
4496,-348016.463545
421,844835.467829
259,1006777.42927
16615,-265406.725855
696,552870.389201
31350,1580565.79767
31858,399802.319769
2645,800011.751927
456534,902619.211211
291,296848.843667
35118,1081851.29998
51609,292115.662062
790,1384694.105
208,698805.156568
339,-318091.838986
2513,-104969.982328
11560,843321.028271
1224,678564.864028
2423,-81825.1040773
515,74735.3509149
71,378481.232988
349,168416.759861
13782,533054.143715
186,443192.234591
285,1100931.3268
9490,933388.385142
1019,1720392.56651
265625,2399133.30266
6660,667732.413783
1580,133996.509161
1069,-182858.545594
1305,695529.381029
1129,905642.70028
5467,1573173.21106
236,985562.285135
3364,170577.041318
142,1468140.75146
84050,1706197.85819
6467,353862.293308
166,79674.064596
164,-83541.0890264
596070,2022025.04754
3890,113793.630765
1070,27594.3337138
169,-109037.095238
310,1528613.36467
5012528,581074.731233
257440,535961.217759
490,242439.85392
614,1363038.91886
877,1113872.71781
5267,240554.996914
1790,440944.648529
4531,296762.969451
2308,1935755.97966
17039,451233.90102
371,-57348.0282196
199,63991.1822759
371,9390.64779488
84047,1263843.80159
328,64617.4591492
2603,-83773.8618634
671,320092.594886
74282,1324105.74332
1085,352755.598886
866,972870.705345
3130,443373.619527
44288,1476767.87272
304,181583.387
251,859189.128197
11263095,1344719.25952
615,660456.538957
467,1343512.95511
3246,802671.92194
6314,1703454.44715
1011,757543.971557
334242,822783.623948
1719,555374.521206
315,104202.532889
66,359593.933588
46228,1386886.55785
2805,1391860.92669
1958,1077461.31952
351,640943.693454
3066,550800.994222
441,367946.147194
633,810765.015413
69422,181782.243874
2341,350323.063436
235,141895.31524
540,687753.755745
457,725387.659073
872,1268020.80708
565,-341091.726867
320216,144484.255973
1014,1001257.25708
113948,908182.354832
8447,329015.46603
606,113190.831579
348,329818.56074
549,948354.75403
79821,460616.238255
1193,60959.6857679
2721,149747.365992
292,625312.483659
3346,644912.41878
461,291228.445406
15977,350734.732043
3809,2037332.76982
1722,510004.036248
5925,854956.609414
261,677743.707026
10425,1221974.30012
6403,-466437.916867
5569,2627943.19251
870,69005.2956799
61329,325544.855159
705,500248.290899
348,869944.834123
345,17856.0461002
108666,552703.332106
59794,894734.800706
68084,383243.828
4455,61641.5217546
490,287170.609727
2731,107546.098723
280,-83079.3720863
224,1165822.31206
13977,473525.03888
282,452745.87634
977,695701.573996
8736,504837.671952
1488,1525403.39148
4265,-231325.701508
8082,2878415.6781
1081,575368.838521
585,-274418.707181
17153,449968.083511
6297,60531.9228019
340799,1886262.37614
66,353622.117502
250713,862303.836378
87923,1918466.17084
29457,1064643.87207
15054,2234153.49348
632,625549.899626
309,780822.254772
456,539256.848719
740,880607.188284
1288,1679703.3416
509,120081.755082
3629317,1042934.71848
496,161646.725835
259,1071467.78456
247644,848171.987632
5267,519687.332987
684,1183003.41401
22674,35279.5625907
9014222,236357.194843
111474,235634.094204
1679,1099856.25813
2417,2568300.41775
5403,931580.991394
460,1435288.18475
566,230881.736452
348,64745.7931681
3882,1031787.31831
754223,490308.731719
361,1163265.19092
18817,785880.423149
5168,1224543.10543
1752,1740249.78596
328,462699.437513
288,473195.034496
587,75635.8802005
641,465056.106628
759,-199703.406252
192957,-2162.81902711
1487,88353.8011478
13529,157250.859888
3784,1241794.07391
155,621142.260171
881,403104.74372
10421,858540.887505
3479,675613.647316
742,1887047.37758
309,381586.397302
4318,432005.347234
4431,986412.510953
401,1141894.73539
1480,1535263.53323
1691,800261.021631
971,100859.18462
336,1395882.86609
83687,1239160.60683
455,374125.616956
0,1520983.85785
1273,2148662.79429
260571,3212831.35507
187,417883.667999
99277,1153247.83694
152,926934.4736
15672328,1118297.02153
1073,740903.689384
925,-278508.31289
1600,821213.694078
1742,667910.149204
26849,667450.340539
1123,497635.829981
116,290858.353833
412869,1751414.04388
947,69601.1757298
5546,1025246.61596
12284,686507.395882
88469,391902.378364
3602,219262.438131
10271,686542.807576
104767,735035.352281
18538,901029.790555
961649,961187.569601
596149,77834.0028522
13332,2160196.71512
1542,-395905.507199
85,512667.30853
34227,617726.422203
311,2125388.3664
223595,1438120.51905
517,1333707.84928
39738609,434804.346612
1026,1292046.81739
7612,593792.191142
2114,1063121.67659
5082,248854.659794
20040,-244490.616575
656,394409.669744
1067,162660.945695
92872,668005.8309
641,700002.853484
2743,1186646.1594
1117,478162.395872
381,512969.58604
37443875,367649.319201
1278,1796835.58587
632,255870.865694
544,-246146.334279
39,119124.294826
23413,1193460.10938
2277,715216.737214
859,257653.237254
273139,656966.961169
144,200471.950409
2863,151724.743881
198,444922.536705
155,642467.0022
146,486537.239446
182,286008.706562
2089,1295055.14684
29618,1191208.13017
2894,1084030.42172
78,-185744.508923
513,357427.460577
2161,1399620.32335
282657,1572262.83189
9669943,475524.539825
3695,104728.142519
2345,1235735.13541
113,-256462.213668
102597,498076.847036
1918,134975.488054
2682733,10094.3874478
363,187532.789
1056,1075281.80117
3807,134919.442256
3442,-326006.6037
155,-126999.708545
189,827173.716611
2701,-174904.492609
49471,1603947.39788
1436,-295539.958923
90213,475621.538084
17937,2801520.04896
64114349,232858.319635
2049,752393.573668
31759,54182.8328566
27462,562597.227632
687,732147.35467
223,451359.65471
1764,294929.5929
7780191,1063593.62023
402,573694.931652
1275,1184366.13307
4270,179019.083648
759,855932.477309
754,369560.190802
2066,1301215.15314
2614,907774.969053
395,616495.593582
3369,931225.568476
3553,1115971.87492
5198,-85812.4530871
770,584333.553074
587,288190.092997
5028,580230.377674
137458,599353.160265
15153,1346403.97122
51489,1849125.66631
8861,173526.884544
761,-455685.101366
0,-213910.781609
285,1956847.88897
4521,814661.813277
306,336654.711134
578408,1571245.41341
265,-150033.901957
559,1098912.92553
207,808229.674741
6664,181726.239446
969,569825.418275
4060,644363.713397
12064,527488.070401
115,-188640.775188
177,109852.314069
5605,-57835.9637015
55,1108411.00405
343,297667.261227
5425,1016436.28827
76,425061.561087
1160,1570301.92898
970,11961.873511
544,1694519.18586
338,63730.5688411
269245,786028.227095
111310,956120.50707
371,985301.8554
613,1305604.53554
471,1310930.82203
345,1228819.37171
143233,1302947.82271
175830,770262.992044
300,320098.619223
828,1055288.29911
6689,716894.374829
1622,376916.774452
843,543704.900146
366,1287349.30009
3714442,2000990.56356
28646,123194.728793
406,940966.732396
198,913548.897265
9639,745263.851638
3624,165869.48091
757,720613.525109
11736,475600.09624
1443,1056684.26159
16322558,739342.937357
250,194362.341042
180440,135277.976165
82,289652.338359
540,1288735.8422
233,61785.8406104
29845,289257.578254
277975,550443.930541
488,478625.346973
4174,2000882.2607
2021254,1158720.77828
1427,572027.399824
371,1233460.90846
420,803461.399764
5240,1246201.45775
702994,380206.076416
60387,464776.047457
1615,1527647.48908
445,691758.612155
612,917052.193543
613,61822.7520746
231,1865385.45731
15385,594301.20233
2713,-105296.377396
499,121503.081466
1633,822356.059701
54165,1392499.7439
504,1347628.45163
147,280128.145382
26677,24209.1121794
2261,-105537.72636
705,1003959.39226
689802,-166326.260023
4039,293708.519218
1692296,1360946.05957
1452,204504.645768
1785,1165928.51975
588,132648.86631
88133,841055.12406
6440,959075.081083
2805,767781.390987
6065,-10761.667221
1042,295877.585801
1720,320612.901821
224,10990.1928857
2112,449263.83034
62263,438393.322726
349,289102.267649
727,422407.605254
64893,508274.929337
59,259104.875871
1815,-140237.806167
9007,65342.7568246
215,799117.764394
34456,1224647.05934
174252,497750.942327
5602,319040.597437
3710,-33406.2639722
651,64335.6106343
458611,1282505.03681
212,-415519.656548
88757,295625.75611
585,79506.8478511
994,782061.612515
1241,-555747.607623
11656196,1591579.42274
9878794,1201689.81892
551,646624.255234
60941,253321.918671
178,-103356.488382
118,2399455.83701
471,253670.242839
2658,1200358.53384
725,471044.073135
8311,1152758.85604
2214,655750.177119
254,825014.123425
1029434,638316.707223
0,339228.507991
15137,1116780.26304
325,713620.163199
160,2266086.01597
46286,477534.217255
1270,238698.788017
250,253497.207007
373,409976.201337
3949,1790675.8576
287,806072.467969
421,121288.982323
13984670,85477.9996482
405,-186535.676352
138,2268031.64289
59437,1657957.55729
370286,1248310.63809
239,238839.217272
815,641426.545401
124588,606579.493354
2981,1849941.11867
32058,975989.909197
659,19333.7898844
363,107810.996115
1465,231530.766708
229,456159.855458
329,884412.047042
4009,1792020.45678
2083,619090.539864
1104,254994.668645
252,280014.767998
603,1939198.34404
689,397352.585664
2015,281594.407254
301,359048.3769
42324,2055267.5616
201,962836.500073
478,45747.7966954
13890,1451774.0285
620,166464.067339
14154744,1086529.13025
330,831174.727569
5093,265875.816512
8278,576408.135584
1272,136879.090379
300,-55813.6540352
666,139680.969109
630,778737.97628
3276,1702214.25077
1008,900884.896903
57350,764590.895099
1240,-326214.175365
2653,660355.992668
549,1184973.33924
273,-134621.737197
292,265368.928506
6616,965621.649066
527,179767.324059
736,438802.114688
1588,649367.561989
26694,307757.751359
293,310663.082431
225661,247766.320649
23165,331489.427444
318,967777.224225
10230,56745.3774422
52388,264739.156976
318,402686.756357
7468,314255.363999
21498,593955.731257
304,454169.078312
869,487267.672278
1993018,2146114.49941
167,396400.913012
502,77618.447626
0,490118.844355
228,-35595.449137
2786,748200.540814
934,370955.283282
1350,444538.015185
4317,1959578.73777
2387,558907.957975
2543,33832.3150607
8501,-66287.073688
0,526718.24111
856,2404771.80075
1909,211448.436816
12349,728025.568428
286,528045.709605
479,663592.7463
4689,854026.354984
16586335,1235494.51881
741,-224674.258444
2089,477937.894604
239,700095.976288
35456,196168.907607
24797,144780.432521
398,351447.148363
2481,412373.961694
710,71460.7998249
5157,743561.00842
1367,571887.389073
78367,301535.196335
301,1032326.53302
13186,6579.44358789
377,274145.573679
870,643864.744571
545,242528.985035
1494,579575.372643
69175,821936.467897
26319,713072.30284
1224,47414.7358772
71,643583.627002
514,412289.481625
996,414259.959028
5472,743603.949026
94355,447443.716499
371,767331.401801
209,273.15550106
1426,779339.396272
3689998,369235.291475
798,160111.209864
2002,833117.961817
5348368,1929604.69739
1093,410374.202659
204611,334403.783821
2061,323086.432927
3686,505594.100697
746,721119.928241
1238,541758.943994
817,1416232.21671
1346,395651.005074
443,191532.906765
2685,-32331.2720775
119327,1534851.08164
7735,1664138.18329
585,1782299.27562
16526548,768779.697086
5977,137932.044583
1729,1806056.97027
8226,557149.279756
224,620262.762118
420,369614.304853
328,-148577.853482
1761,797692.296847
945,26389.6635255
412,-204287.425979
799675,1946273.66461
1508,815093.997621
358,415175.697435
94446,111639.559488
77344,1213858.229
196,1450214.66389
1063,542781.125562
260,557763.342104
2586,255374.491195
440,884687.591091
6295,1197327.68093
4826,1100708.22932
404736,-293793.153811
130,330081.69055
4385895,2137242.95584
10858,514444.131923
452505,23553.0748677
977,372555.704909
113,449926.013321
39207,790795.779566
219,441494.167638
138,1283425.50248
92849,-276333.98755
9817,234112.173649
2401,534274.454366
148,741762.036862
10397,1363402.7854
9148,234882.036822
507,2331827.39814
25349724,1832171.562
699,859098.721738
2058808,1949586.52462
53527,1995338.55727
2613,507284.596652
2100,764586.564983
2422550,1812716.02512
1728528,681589.120304
163,394678.864586
828,31156.2827768
11860,-144046.429596
1907,1159554.33864
432,514338.478249
58789,342737.100845
2132,494762.475672
11551,979522.937628
64925,-65655.1462657
21270,519175.40494
598,710772.757542
89555,1126007.84872
2130,1289679.32689
575,292733.641501
941,88011.2464188
37974,-273604.360466
468,572061.842368
423927,2207472.05831
2984,1430760.04825
1374,710620.454006
183,-92272.5629404
1425,1200392.05485
379,1170210.20352
1272,1905748.53083
679,-71127.1260871
17094,546902.119499
567,2839070.37934
24003,1499093.0307
760188,1484575.6276
440,456961.954312
25213,751507.718584
1308,1488853.426
16588,619360.126574
142,693022.731375
5629632,835745.355736
1796,46527.3043325
249,26880.3974485
633,515381.074664
4039,757002.881118
150,516092.981339
362,150315.288439
1007,993026.566895
1396,440639.868578
256,-18133.3905211
118,294326.66663
273,1407615.63554
551,376670.489315
19471,1685074.22648
439,184981.150689
23389,358935.647109
527,587361.362863
1397636,975711.798738
455,282426.947094
1522,1654758.6229
2983,664519.326464
334,535795.442884
172,873866.911209
138,606731.711128
670102,483064.371331
21127,406162.591846
1063,378554.263571
182936,319304.540245
414,1114178.70877
1599,292705.271529
221,786433.200244
166,1388745.52523
90,26053.3800709
24527,1045245.14817
1776,143008.45419
251,557385.49708
2742,1609669.14625
596,998161.631504
10623,139956.076102
346,108332.807873
233357,829385.403653
331,180110.715146
1,2609498.31186
54009,457235.396878
193070,1314707.41019
1775,727233.744806
865,678171.627145
301,-333997.023774
526,770541.537817
188,130414.595907
7307,638154.231828
1232,206298.650974
4018,586988.476968
1482482,991833.029327
1690,3976141.27612
1659,2164468.49758
2981,396790.469971
108,-326655.669251
3066,380919.585901
938,141667.148049
1293,510836.875441
251615,1553033.51985
4119,103644.016341
527,-201166.105813
12514,891128.515899
306,312127.146011
238,817462.622191
3947,799372.434949
492,2218893.60938
1513,451395.252718
650,3656803.6976
4713,1686739.59761
1069,144508.892876
4170525,919586.393603
15130,1638513.11697
44985,2030187.68147
263,-133483.812289
1858,347027.59984
481,810612.702019
19935,1471471.96191
1342,18849.791611
2529,230545.737449
207,-281154.742348
995,-875104.146047
507,1453931.48108
3453,1063105.20401
302,927186.129209
138418,877493.333846
5423,77195.0761808
170382,2120410.86875
2404737,450744.091944
174,743775.529664
25859,1690762.44228
2662,1516773.83776
310764,1335292.08103
1603,1404659.18235
16509,205391.355628
12082,1659635.79399
307,484266.776862
1560,-245380.344771
525,1709710.22202
893522,741683.950971
4001,273350.868365
2879,2015806.37362
227406,629934.176919
385490,732680.342664
1419,436223.651148
697,1729029.09418
2610,-258934.304206
346,1291680.16536
171,94173.1479795
2455,1281748.19867
388,362591.578141
1697,493229.269899
19535,535096.765905
7328828,313747.476133
41583,1733252.5954
722,598998.695077
303,641190.791949
82412,1505464.49101
287,729706.181599
272,990747.794001
183,178934.61836
376,23519.0298364
216,481499.373607
158172,788172.671808
205098,482123.357535
23673,308661.233919
3473,267221.383506
1410,716805.553047
1033,308519.174747
10466,627392.953363
283,1319204.53864
28233,1839748.1811
595411,1231309.7266
654,314017.233648
19283,515373.361206
273542,646815.974179
90356,1940147.47181
933,1203709.66613
524,1940144.12139
141,335049.759833
230,1559823.94289
410,10412.567222
321,1220580.4376
68099,1079685.55027
74,884864.712691
181810,2459832.72737
2516,245415.626985
50418,836692.429265
1153,667744.31009
839,303019.619854
16229,-38567.4374524
468,215016.372318
192125,529064.650796
7396,777407.775199
1571948,412919.547552
5454,571541.257484
785,436606.152211
7238,1626950.07225
659,583063.834205
563,1165248.96957
328,83863.4049438
3875,1143604.33256
1211518,1618504.29304
1247,402881.934612
676,55420.3981797
3795,214239.001855
545,40995.1950406
575,201496.692045
54762,1444869.55635
2268,1186779.16414
5325,548107.424328
244,583010.321978
1771,1466629.15229
23610674,877851.167938
881,-26585.460312
21210,1263435.43038
21112,625317.004537
359,385721.685674
2864,1307742.46781
246774,830345.777387
217,939542.714801
1284,146520.958879
2158277,1086480.20583
252226,111794.894578
7440,1101849.85541
329800,1063234.33871
6037621,700497.848796
53897,865532.612736
2026,404891.908667
173027,1706183.39323
815,685133.969138
527,268717.655384
352843,698265.29791
318,485324.341887
105497,2805568.05993
7298496,776840.586462
12626,1214401.43532
29334,2813134.88935
465,535499.19615
1845836,600545.50122
282,663254.409671
115,-98439.01952
1369,1159095.37759
187910,1237381.34148
380818,729999.438044
126,-242510.020189
31533,580558.891027
2691428,-48348.1356157
152,550327.553353
105,680859.340374
1473013,853556.840263
672,29643.0466578
2147291,680416.459747
685,1513874.48502
78906,653852.873966
10526,4370444.26154
3483,1373963.818
1932,14406.3176526
36888,648308.790393
260,98431.7792599
13293,926830.543423
287,132696.062933
1195,1067372.12168
3421,1253209.73787
1611,435362.369088
1358,284918.445915
720414,584610.648352
235028,992445.920468
181173,2580640.06031
391,954442.392032
568,550261.557945
328,144089.33302
1089,394181.591006
380,610431.232093
938,995095.233302
5971,-268825.337388
2685,790332.01931
423,482377.793235
1435,-552408.462244
166,789891.851239
884,562844.274879
16319901,1853701.82943
6486,1336071.79894
3362032,2705765.44168
512,357438.501667
1562,1125421.44399
795,1952532.34188
2457,1290909.96186
2498,906059.355126
4881,1955513.20412
292,857358.098417
10112,2917705.50045
12348541,748827.946166
65145,916658.409225
14243784,765282.121418
470,447449.295534
9321,89406.4313286
5139,617186.023862
2907,649760.26121
1683222,1486916.51071
905,720778.803419
324,298459.25138
847,-58471.1541236
31679,159058.158564
252,382460.016899
1367,414047.560239
2798525,1252376.32592
10056,2699309.64958
91314,1850798.53727
1478,419058.210514
171,109979.635603
2013,127758.972214
733,1464643.61346
327,1171229.84578
355,110495.266385
301,584137.563568
1815,1016103.33732
493,47966.2206655
9332,725542.490142
16851,1203596.33976
3679,592380.0512
2218,1056655.80511
1404,590750.926446
291,32874.4678862
1186,434572.367625
1033,233168.16757
6196,61606.6051935
495,-6372.22154094
192,507350.958388
1273,559445.408645
9200,567088.545307
800,-463997.188795
70312,147832.737049
4243,934134.129895
3138,683080.28603
734,642036.294543
140632,494830.647862
6153,1817408.78446
3601,335444.174853
43537,1076751.94752
102450,332992.785069
229302,685455.121371
549,-37245.0556305
10099,1674264.5444
589,526378.490282
707,1434342.48994
2318,646301.094659
9031,1159488.7652
332,-275306.688229
83544,680576.661136
802,123030.720019
4279,308768.255509
1711,-468686.583624
26042,546542.341887
208,2168125.12277
1954,608079.622892
787,114182.867054
6934,1002109.5155
2784,1989894.06833
80564,2582348.0368
656,179561.390155
686,384096.683288
2153,830548.794732
361,238818.799406
7671,1072144.81721
24002,1229058.47078
2740,682469.326172
6651,1584560.11696
1851,945409.498256
593,585929.355765
492,386024.501591
358,1514098.82667
0,802416.847989
7658,1036454.17738
8838,437838.09616
90,1035010.84484
506,373372.613998
89,219484.31248
15779,321433.993937
450,766648.581801
2796,306081.869822
771,609390.282064
1561,-287359.708229
58,440848.734101
681,332946.738066
300,384518.054341
230,386571.385552
438,1755563.95816
562,419919.826463
339,591761.697744
819,717977.225371
2517,-22324.6731205
110,694431.417951
212,543676.0997
424,463248.527786
272,1125574.0723
93046,662243.984122
978,181303.125343
879,1689500.24625
1058,819786.584077
1455,-132803.630713
6786,555478.875262
324,846583.940002
342,460600.145566
10070252,1575749.68809
501,402146.748046
197493,1610450.16633
1038,438559.061263
34152,-178639.993865
337,471078.956131
219277,622673.577385
260,1436871.55121
126,170662.844065
1063,79856.1042212
1040,1086278.62012
12111,1159679.05037
971,54511.4992832
411801,711255.386801
4220,776759.088193
601527,577985.906039
53652,-96550.790268
4459,1074744.66566
866,477801.065501
2676,633458.0564
739,422421.73944
609,246737.610056
19058,412533.015227
1109049,1536195.96784
1603,1162543.77516
189,6817.26823541
294,997633.117048
232,778511.30225
954,228871.480795
232,453053.635345
35705,842285.459517
1710,450497.798698
6425,1872904.49784
100,488365.973421
238,10188.9798495
709,254423.503601
16013,505667.534949
509,1903964.80729
371,314615.684654
401,813498.114299
505,134420.370917
911,959983.439239
806,24760.3231935
508,206849.931879
1306,1335176.32811
195,-55105.3173934
1951,921258.71536
4296,1011182.2718
4758901,1282440.69881
239,253586.805135
500,421738.314937
2033,509110.265674
2150920,502707.851608
130,155688.250316
234,804930.966614
233,1132410.83021
27753939,1384588.47944
824,393637.802775
1257,1129960.89621
232,797953.84934
16116,373312.207563
5058,395836.365441
601,674249.758399
17869,1024086.67689
764,-500294.058236
1037,266862.931002
257173,2639351.11117
93094,796156.493302
1809,628745.854596
3677,2146457.97308
23096,1338294.37305
2788,712825.420803
1114,-196366.064302
56601,563220.203506
7463,3256594.12274
303439,1131107.72337
32527,915811.32531
73,-7728.48216693
3545,-148231.885637
2235,435476.326321
2167,809223.418488
7387,1521792.42533
402202,1135691.46544
4813221,719780.228086
10577,1496429.60163
103378,1186247.13871
483,513971.64279
607,533113.556156
14767,898961.293132
1563,477950.762705
149702,409887.598982
991,25342.5975493
175114,734832.370445
25759,1561518.7673
7817,236232.289242
66,390459.225011
2707,1817119.43991
61514,1358098.22925
122,643035.221909
2916,1461774.43377
790609,1619555.11411
3787,725359.832925
608,-256588.181909
4261,482695.110777
8179234,972695.036356
38078,3282107.81783
32887,763797.160249
218,367057.506851
492638,659084.856886
408,-320369.814777
2617,789230.572112
17798484,1380666.44642
199,60863.4212846
630,361143.893298
13277,1991515.25614
765,2092966.02952
4836,1675444.42121
34442,205223.067214
440567,2144051.64749
516,568555.649583
146043,691116.012765
82900,577220.933451
1099,1110671.4499
7591,761597.201862
650,213047.595396
1958,980813.938086
59815,909399.644456
1271,1781850.49719
5610,16931.3961631
408887,690304.054411
793,1270251.80721
7895,541859.306839
720,399276.533876
1833,323106.589276
209,910402.084527
19062,1015169.65408
424,1533800.03887
5456228,1483026.3528
1368,892797.876412
3027,840961.67255
2735,1349676.45677
17519,1079055.49078
51077609,414327.822985
5591691,963174.18562
1211,1224711.22084
494,-141925.437097
8082,17900.5812316
1707,1069932.18058
1101,915939.232501
2986,845754.763008
3687,2412091.0164
84,263025.527351
1971,694259.217857
499832,575230.973242
2027,737948.034619
97,134652.566569
107,920588.64383
124,308591.97995
1781,374499.260191
38739,1669276.97059
14581,1396748.90218
1183,1052657.61471
214,345274.251488
6076,-43310.6970037
351701,1044899.3471
156416,484795.208998
434695,727754.839086
394,711697.966877
7836,593587.221043
576,393452.166124
769,2689239.95731
17846,586319.820776
158,-7291.58518861
228,605439.26975
1483,1001859.89186
4465,257163.206702
928,609950.919921
226,946998.52046
1180,-367063.592033
1082,56046.2568067
5688,2702252.74249
764,581317.129762
629,328235.521663
10072,1361050.94927
53418,467898.871749
1147181,-276163.754727
3038024,880540.413345
1225,543674.811942
10430,2005458.81063
126,1242543.71657
726,201062.164526
179168,579188.146633
473,1325202.06115
583,173390.800396
861,412467.797435
15947193,2305436.28616
206,1043332.70256
5224,280347.70219
3602,1382217.87422
525,452876.897377
187,1690955.45996
241883,-185679.254425
3745,462670.157244
301,-130824.770857
415666,427210.74153
191,537378.897038
2193,1004136.91834
24413,488312.048988
462,1523336.84618
9495,981752.528377
11067,267481.992987
4126,1297277.79623
273777,3040235.05121
34515,678624.383387
342,1152535.61395
269,513832.687682
1898,178478.141834
568,21643.7818049
2290,100548.659966
173154,-16529.5058045
139,1076148.38122
1148,3305488.54525
305,763006.635556
27212,1222786.74336
730,709757.944476
10943,-28478.1330128
1268,675538.766525
349,956879.085495
70,298528.14402
79154,898630.363788
62822,580168.560221
2541,314432.053812
4902,1283145.16986
282,1505910.62217
127,1017015.63606
305925,349311.952844
5073,1870892.11268
260,944911.641326
427,-366342.85385
79,746568.507781
209,699351.339939
557,-78247.0807074
257,715623.672951
83746,726424.614301
155,-388736.672805
97,-70796.5216508
1320,69061.4330818
283,747014.7391
609,425908.833483
349,1372608.64361
2630,-337571.7227
3875,1592634.77205
979,62931.4877103
16269,1925295.35322
1196,1196174.65554
309,2452266.01024
81057,2798800.95967
2052,1278251.15391
451,-40461.8976817
9303,1119941.74068
981,241548.719378
27006,796237.436455
81011,499732.297852
3913,846267.640707
261244,732722.859401
1079,-90616.9941888
292,341032.923998
5502,2290916.64673
1631072,721665.42133
124,211149.1002
426,425104.171902
967,133495.176538
2186,2374007.79765
51,-211659.717774
177,1102368.84158
266,260324.63295
132,1054283.36389
230,-75559.8353294
197,661596.836533
1318,521853.428659
7503,1124522.79898
3026,930575.763834
930,286078.122979
2658,-379728.210848
17231,290103.538884
504,-455971.622595
507,1096306.60571
2275,118103.260754
114,307092.946185
503,155547.343755
706957,619238.929219
93106,995317.01951
2691247,409176.185992
421,783317.039864
700,132071.088596
3271,1477490.22249
6047,281150.057516
13510,406114.629634
1940,901115.376437
1401,422593.400031
4255,2451173.85097
8417,739194.316052
20838,868541.557596
2701,833575.155654
5376,531769.084236
1254,1263897.8284
1609,1330242.60419
320,911993.684195
4305,725967.338659
293,82075.9332674
48411,827182.320712
2398,1402341.81601
221,1399456.49855
6529,570266.684935
503,871244.964047
5312,409775.92855
402,957340.610137
727,340508.644593
1783,707731.351578
2816,905585.533945
359987,1174623.51826
577,518032.534618
362,-120288.410243
5825,746031.254828
526,-189690.38885
60154,1311428.81016
267,557869.698529
321654,762469.363359
297,490610.747473
1832,488819.274315
449,586211.063647
437,1030744.69025
672,825546.129882
1526,1248485.76899
3964,-326648.041206
644,964284.483665
29773,96754.221128
9003,642161.635908
861,365256.214335
1259,2359809.49794
1238,1346537.08594
38172,303214.305322
635,734351.122377
453,1173004.02047
471,246489.252259
118,203770.511916
95558,1533678.60838
2592,-178711.207536
269120,2031310.81297
941,-26909.2978074
10803,940214.740188
99,160431.686943
1385,201821.589114
6597,868642.246679
2106,505907.275487
495221,2100032.91112
749,439948.928128
4055,1013754.55174
159,-248215.836672
6965,-195017.781358
3384,-144489.682432
35683890,1662141.59532
40644,410856.426263
165,-267833.262016
10216,479262.781468
9948,1163661.40193
128,-50551.6295666
76558,1477362.70877
0,172096.014477
106,-275468.469758
12511,587004.651835
6442,-84563.8682309
1174,2079020.31902
428,899817.604675
351,1412683.95328
4651,339252.992701
4755,-29028.0437345
342,454045.157228
14934,697918.190985
5095,-25891.2425572
510,504587.530007
6722650,1323370.52697
1085,183181.595335
807,113076.569476
9329,1095931.81354
43198,894402.518526
7166303,1373401.01664
1204,690117.2286
248607,919251.614912
258,452688.529365
1625,711147.847419
305,549033.255605
228,812254.509688
1432,-100441.870779
2191,-364885.290465
5919,663469.711306
951,234800.33219
1937,314761.149967
4873,6164.90678857
2658,282967.133354
1915,393445.185619
10067,1276576.04992
868,412274.628857
1310,645407.284727
1049,-51303.8224316
7591888,640914.92945
1576,171068.157731
4303966,539218.451567
221,37024.8355524
1281,1010770.79958
127,336172.395352
824,266101.410423
676,-131973.664763
1202,384138.456299
78518,834758.376192
371582,1309872.40214
3534,262730.689121
1381,891296.047283
4018,859791.737152
6833,326712.301484
1571,656081.895993
297,1181307.43401
193,-296979.409944
160479,1874112.13337
2069,1207267.42352
34458,2025307.52259
1117,1785621.08304
7312,634050.639648
391,-65950.764553
2597,63563.5935005
82637,1075587.56419
96,203707.680428
4895,1393160.6375
1915,-140734.297767
3392,162150.808069
333,1750940.70025
274,152635.154233
164,397349.494939
2251,597863.271901
935,84090.0040821
42401,890212.395861
60003,990403.507349
643,1521433.60222
201,136537.726383
6295,859662.489141
1148,554514.70808
26899225,1641140.87747
6989812,3967603.04049
423,66259.0326132
5670,1082935.4586
188,42320.1553437
1952,811260.547647
4330,187134.3052
3168,156888.921699
17405,1550889.16737
2986,2199253.90399
195,219983.20268
494,1575467.48672
1144,1045722.47076
2071843,558969.167489
2282,113920.801304
1790,589774.006675
17454,1186644.54119
2036,423038.146231
693763,573462.439618
41386,463981.847876
1936,123686.392288
52670,513333.164234
1350,2015224.27391
174,615536.913945
316,118410.338217
1052154,890658.228302
23370,949043.643002
644,786508.551001
506,-334119.441818
2826,1803048.4388
12418,803483.112567
2937,457578.607077
1077,853951.658437
742,257651.800593
154,151797.514126
20067,952490.669959
588,486250.255854
5363,36751.7985135
90,-583831.340073
5845,197292.394389
52412,375498.735909
279,319512.839676
18244,1039266.38298
6339,938808.494454
12445,604176.549505
2883,441829.336093
0,1635682.95099
1740,1177192.93473
2891,98535.4377155
2091,737257.23085
61762,-219270.247742
443,903768.446188
4869,1107537.62898
43082,556497.071934
2130,1284833.08962
8668,1055120.40861
38086,889496.989493
199091,24648.3421933
127,337050.88307
553,1366918.86299
338,744309.772234
850,678842.698753
339,743744.989514
2557,866512.872109
214,314314.823842
879,1157947.61322
264,247014.557973
639,-454169.150096
828446,960138.243336
18193,554367.036071
132,290725.924511
3035,1262918.45853
401347,571138.493591
468,157.120655596
134,329397.636906
1238,1994440.82819
1283,1134389.81238
45411,629389.759227
2610298,1608593.09247
910,414908.294418
1258,518652.341255
1790,-58691.9148774
2677,15726.9052204
1007,522417.107231
145436,1932451.08387
2032,1767799.97198
2565,368876.054482
75865,903861.859476
214,2631236.58619
2790,288703.696916
188988,1371159.49287
1201,362863.694643
916,-101991.136099
20246,22622.2938862
2400022,1780800.23217
35595510,1005379.6983
4565,646602.167849
255,516473.897092
296,46071.9078781
251,172305.63552
3818,660565.569944
182,-549251.30011
91,361345.677096
476,-271082.407012
14683,566339.038905
3503,838502.69828
4006,503451.062214
1883,256394.10119
419295,322220.550206
8163,446894.819029
1879,500664.70439
6765577,1120871.18659
1387,1889240.48316
243,487238.27997
46550,1285184.16903
2809,1414668.91099
336935,865781.879827
126473,633180.415513
3978,-13784.4272327
696,-226815.664841
1431,1598827.71396
15965,1030650.41221
1136,1178015.53524
10098,966982.262005
124,469522.273599
1374,83517.1766235
436365,-138725.086642
303,249640.508857
3930,397959.650468
172469,1933097.87541
43592,559782.700023
2597,1662067.7812
221,481684.108351
5659957,1729990.43703
1544,218482.296518
662,1027716.82614
134,1070615.11663
139222,41400.1532049
67734,573804.012281
18761,-85792.8724493
218,132664.986992
917,678432.051467
17368,1708694.49963
1603,474942.823191
19868,219158.290661
66462,685578.772146
213,181192.622104
77049,506986.273941
158,473442.619963
985,1758544.26493
97467,1365154.57
161,427875.722266
1714,616879.154139
813,296503.905665
140,876654.499148
6989,585087.253387
18519,906757.730366
1108,628173.216545
825,546918.211445
1211,-592450.909504
251,299122.416182
825,-204806.139137
5851,1134028.52064
898,-144927.333897
15117,2475127.40599
2670,967676.939741
155051,372752.651431
979,212229.874106
807504,1542820.91889
1972,669802.484037
1287,759332.241984
418932,633228.949472
860,367449.141993
4081,298748.299535
167,693520.856616
1983,1126058.42561
16098,400470.668131
55958,235603.246999
4838,573739.007948
371,950552.50246
242190,1038639.75364
401475,2079845.29429
7171,-343166.343057
380,26502.8568688
625,840391.830471
3579,134148.104278
452,-208962.688887
446,658584.851142
8010,1006392.65726
242,970852.966898
5968,663338.199923
1106,85359.4546459
91729,315532.29404
4913,434807.47458
177341,1976281.38866
16191,448144.540047
1346,675654.729628
313,71939.7440379
9313,1135809.78628
3485920,857922.480512
4592,885055.286136
227,466020.712423
96624,302970.019913
174,222714.816488
796,453593.355237
182,1354438.09368
24584,-450988.466121
13376,350416.737778
1713,1061209.29283
16513,1319756.5868
1673,136655.770283
709,1417865.29164
875,1149481.8977
1252,790138.202369
292824,909447.036611
130708,445531.744356
890,468167.327095
7696,-51437.6310952
1154,740707.476797
682,-52528.4981807
1760,884960.379794
569,389596.961524
16197,2037776.25346
445,204643.360492
2075,281873.337316
3395,1447388.78909
1126,1296433.44121
1798,526929.179293
10907,-222846.822325
324,-178774.936643
846,-353497.113134
22981,480069.049169
9018,1869578.40945
70062,1175005.00435
118,241925.054125
25458,1147883.64455
163,290701.540224
858,641987.696226
244,1000606.24724
4140,1380264.27408
805,640203.645992
2324,331667.706595
693,582802.979742
331,1076313.11817
2124,349089.203699
707,882387.80337
2290,511327.346787
2587,1066317.4598
2557,224325.051752
8199,261317.45179
7290,1168285.14351
172,104805.132939
