actual,predicted
359,-183038.889855
25123,-813645.89511
633,533281.734097
96,42308.321155
10249,1347567.68477
4049771,526092.404517
646,342260.823868
29618,1196395.51721
246,625373.337479
8789,579596.555156
4358,1128746.03997
1076,804531.665715
211,445225.016291
110,208293.106133
1126,657797.536009
19138,244700.405733
1818,387177.442979
53164,2114043.05641
31919056,28536.4530951
34639,292369.241547
1659,121182.841329
6468,1687792.76832
6747,1426857.33569
293,640174.193708
1475202,2033438.5277
1347,31283.1737424
234,885668.472869
27241548,1508808.25045
18092,366046.357415
505,670030.509688
2864,1094544.16938
2533740,895000.02593
29334,1029572.21269
714,482180.235196
263,1343348.34359
1712,554213.583227
17180,1481709.90858
1671,-162857.458392
24341,976999.252862
0,1238173.89409
2078,101870.901826
609,1234739.8989
7942758,415705.541613
322,1113117.6024
328101,1497227.16091
1157416,1666241.55549
4938,404681.303522
4924,488861.472635
1181,678692.657447
217,715166.640138
2206,477255.208309
691,374733.409822
316,2494851.08502
4430,201788.879606
115,1018929.25662
59341,1254553.31317
6834,1046101.33035
2186216,1085453.91213
717,270793.52333
2400335,597792.74799
161839,1864983.20458
1340,814685.001298
314123,1458619.5461
2786378,461238.052953
3387,58652.2851942
41829,1318303.15065
109,220391.299947
795,272211.801854
47676850,664725.13138
3099,1076311.99288
1054,825690.003409
20224,652157.464003
370,720810.630706
18099,281322.140896
279,301500.434227
19781,531085.14591
1576,-283219.568739
2733,289004.886317
19518,541942.016075
1062,86999.895179
1580,218586.957224
5841,1003383.86585
1316,403183.823445
237,-176243.960019
33139,-234028.720997
425,345516.601563
3658,309220.453048
18262,198755.778723
204344,1018030.20119
843,1145314.64536
571624,487629.137572
245,375743.947461
38786,326945.832855
968,90201.6678232
5587,62281.7877975
6933,1007608.63718
1791,913706.281278
465,722735.655275
436,239622.582768
6575671,632811.314743
708,262919.930652
2551,-543508.103677
257,453887.892225
1312,333784.224667
446,659536.752049
20130,2575534.13641
4378,396844.409732
988,617606.376949
442479,1657279.26359
1124817,1943071.9165
2947,613846.596019
4503,801998.850543
213,413461.109215
1840,957344.978648
14309,898586.225371
1870,273990.485654
10908,1618724.89984
1449,937582.111957
234,250359.726335
674,342076.270764
0,1091352.14117
849,272907.48126
4759,581457.506784
431,1096981.6037
2232,415372.582593
414,-93507.0130226
13120,809721.395188
229,3229071.08923
165,-134244.010846
4366,558993.668985
585,274369.032433
881,1310944.55741
970,990482.843907
439,51074.5260014
213,23089.5770019
9214747,1435269.36875
14672,941312.954207
2349,755004.161724
2672,770013.617538
3722,198891.329805
2115,840112.268668
640,841098.997995
2356,528017.526872
25941,1168558.36279
242,-383457.515716
209,475262.150607
1007,509360.633708
1589,466350.676108
1291,-145659.962437
1569,604214.48334
1274,723092.550631
2986,1089936.40816
653,513123.732526
706,420630.70872
13118,1366946.11357
74353,859389.202066
1056,411395.836912
192,589255.454278
22657,400665.777254
586,172740.576349
1101,501837.074687
1105,1525485.99059
2880,659746.207062
5401,216437.239086
3278,-315562.000718
1018,830517.258575
5461,1534098.45957
330,-1854.83993126
2927,860714.576993
1981,134661.148367
60522412,1959469.42515
819,990392.847505
1428,541567.3828
10889,719305.074674
638,586771.313295
443,-740581.887574
322,241511.394602
173954,1603352.83762
2378,493878.876927
393,127086.954138
119,601648.076905
13784,872623.747777
1207,175570.933405
680,242928.349729
69547,627131.369375
3289,-60430.5937226
363,1014471.35047
435,28990.3559591
451684,669203.942063
2942,355040.780079
142,202730.140082
70500,1324991.60369
577,80124.4763234
1577,1704270.83469
1339,-35886.7028032
2446,406626.600191
105,635679.145589
12255,2186261.18639
1705,432451.291198
5351,1488380.79077
56057,266889.702352
94,521645.345018
2154,61806.363202
25162,325878.567759
32641,2644817.0239
1600,-877416.210162
60,44208.9333429
24486,602635.96633
47284,-656318.77973
2666,841174.382006
284,334325.467633
714851,638280.283748
290,55927.0593283
8476333,377415.462667
1544,572587.741562
383,350765.950223
353,169884.897009
655915,192036.666365
33552,446813.365239
352,428584.569294
1739,825717.744921
769,500248.551085
1922,772887.403282
339,565317.235209
410,-40084.5609493
752057,244634.095476
3683,1095160.43142
4098,828494.736176
152123,1086546.97223
13234,693134.868312
658,600304.672385
149,-368626.720527
2884,350578.343259
593,632530.729409
4460,1130643.54759
332,62530.1709166
1238,-547266.25089
4006,-373816.406096
1564,20473.172565
808,610620.68579
700,168015.882835
1751,780104.458175
286142,2256636.85096
422,864963.178515
3384,1560053.92351
73,343818.528667
15697,992428.984535
1756,266564.94571
23466,1141550.82722
1437993,626808.551847
970276,949328.949845
4445532,2154822.66599
1912,1027297.77746
184,284981.093032
96,549709.672069
4405727,1656265.62069
14879833,1987895.1167
23512,1459758.551
324,357405.987429
29004,1409826.41642
624,897127.658415
338,320866.298585
619,2444334.97603
197,294387.702209
1125,51270.3791799
624,564578.530224
235,142559.747129
688,328819.418356
8356,519096.810833
893,-330522.421319
848549,1149268.63959
661,305736.27397
479,148902.561489
385,607863.869247
727,573530.542664
2382,304325.126244
403,-29280.1453694
97456,-55802.1277376
7456,1063329.2278
6132510,257345.282724
152,-21957.3983253
430,-89656.1135355
80,257733.072141
1973,119210.03386
53233,949044.481699
17547929,429009.777082
1997056,745765.889021
985,915991.824172
21301,2221159.27349
335,352668.333876
4707,-397401.127055
3498,1079685.48344
1400,625606.353523
3640,708826.330093
49706,181554.235207
4924,381191.377409
516,570025.525227
260,3104116.68224
487,827616.798954
3332,463275.748731
186771,1534794.42349
2947,848109.809132
72577,74745.6049174
10387,212872.736716
435308,486184.390768
3482,283799.040066
3723,1441719.4267
183,1321070.59968
798,720702.344295
691,517027.815711
2706,1022506.1907
2973,690960.087081
924882,2161859.17236
1134,2020.42814351
53,638240.389026
18785,1164815.64221
617,446137.879197
318,287299.541275
1269,819974.513075
9926,846644.149522
1547191,278909.688849
864,418960.928027
12758,706405.929091
429,533762.339641
2401534,1218932.70531
1008,1112637.81677
821,733627.884036
208,344479.751748
481,127648.940139
1032892,1008192.2281
1282,565371.147153
8110,408711.423566
2112,-186149.382604
62684,2297403.30056
610,-307115.664071
224,405113.865538
87677,24777.8706395
206,2705127.76496
189,735468.707057
702,975920.809146
6742,79867.0404294
1535841,86266.745396
2680,43213.4195478
70321,21241.6704091
135669,375009.315363
344,-361627.04701
796913,540572.612911
1762,820926.48251
763,159060.879176
973,1108768.15668
3186,152904.763986
436,305964.348488
3625,453908.296538
15922,1231210.85806
21803,1664010.52626
2493,1022554.98417
1012345,1078079.87276
81230,1613095.63454
80,153559.509591
695,1505853.54357
477,1670720.52154
1878,1079787.22497
4464,817031.864237
5223,-353430.359428
320,578626.006547
19233,166898.429116
19949,502789.720631
3247,975317.989673
54383,795264.720125
401,317060.897456
18436,1504782.70335
81,708860.905977
8989,1615248.67873
92,506514.989788
6454453,1697695.21474
1488,1551370.67445
165,244238.450856
3593,867692.664927
71312,337623.356984
13253,2471960.81035
1816,475213.241707
283,1158145.98641
459,558145.373687
2706,-6922.12509764
1775,349961.109684
52817,194417.034989
243,598186.332977
199,605221.635938
612,378868.863731
2151,957531.231727
604873,1545975.17134
356,332387.774601
27249,978370.948347
852,793303.902563
485,288653.474741
134,1061752.26121
144124,1512815.55502
3361,643475.498771
1173,1079186.21378
221761,837968.011616
670,661556.424582
651,610903.325918
955,-144823.130958
233,1122756.64999
132,72963.5264375
325,746965.784556
6575,1963238.96672
753,180897.771491
136,1064940.55722
20683,271712.180928
164,584959.57444
381,377475.615891
3993,300972.575147
315,354327.133137
684,-760095.139101
978,605171.414202
345,378785.907036
3246,954475.170107
17778,885218.670468
93737,543299.389844
77,654902.363704
148064,422695.346356
304,87953.6253509
153,850796.594257
300,342233.323984
389,1089077.96228
89,52196.7545211
159704,1135164.92604
106,1495626.5662
18101,-175055.963377
14014,1091256.01942
3824,1246173.64843
168,529687.383018
3985924,959254.792777
3745,613056.370144
9051,105824.339225
1727,351731.16539
404867,1123113.18562
186,233785.392183
120,929722.809776
761,450205.507541
364,199046.698334
523,-110248.916846
183,302859.019258
4808,745644.577939
3904,571414.787234
311,1131711.05726
246,1482026.97463
5355,540066.734421
352,828800.303097
78688,405704.933576
1399,247831.924269
257,456993.899629
31101,1286864.33593
19348103,2856483.31561
0,3005301.7669
1986,417993.864602
213,1982641.03961
3461,540335.400245
430,1056845.39927
316,794231.050576
446,162133.111878
2105,1783368.98955
1421,204067.242725
219,428502.022266
2059,542577.535649
192,496229.596732
862,-170733.500661
470,853288.216069
1743045,1126638.95776
414935,1593197.02597
61872,833028.769808
35350473,242867.049139
667396,825809.864151
353,212534.141916
931,71686.5325451
345,-3766.98847627
1946,1254089.87663
52,258379.562804
883,869533.946221
7040,1731323.56898
436,209021.846845
2505460,1856712.99182
510,2012871.6722
1717,648658.395314
3128,1039531.6314
527073,383522.192453
8298,1746163.4681
2523,415606.75785
742,604500.296243
331,655384.672524
1649,-117091.41169
2310106,1990576.80878
1927,1151238.62814
378,187381.993233
610,47366.3848644
2271048,1395644.67229
462,1116109.31063
807,-289822.016857
9300,788461.705648
3377,689418.885931
332,1137811.25529
281,-102420.048331
606,465891.410767
1977,1561799.53947
1514,666174.155963
16604,673697.06411
3477,767025.070222
167,283542.150705
6795,-270318.826766
30545,684743.202021
167,902767.486788
306,619938.713239
2323,922619.655054
159,536393.763317
1266,823616.957062
531,1762374.29951
9771,1208094.28691
4038792,1383378.49351
70019,615058.348968
1615,1525796.60312
3997,1286968.60272
393236,1644443.35602
6801,1052989.62403
2318,579976.175451
8742,141135.917304
41641,-101439.000648
3557457,2976360.53212
465,1486202.13047
79,382838.091994
247,376066.265028
586012,1717193.93188
547,374702.987821
6687,1840613.63225
4279,1261700.45223
35687,712391.976788
5743,1406793.76866
42872,627649.403564
1801,-305679.580987
16525,892353.360306
364,1475757.09979
22400,1173749.59889
1073,916982.895782
356716,2571319.81846
147,731489.011847
54012,548412.99075
355,12754.1521835
8806,1531170.75443
1879,519032.478902
2730,216991.843725
285,544648.420775
95163,461443.886142
749,591654.108582
166,1189013.01899
1634,-166113.09157
214,380991.870278
569,882658.767236
582,1283653.91766
979,981235.889624
1723227,1451388.69534
460,2527690.31345
4875,3316505.82196
6774,458538.908449
773,428534.77868
128946,2660159.72952
5472,239910.261655
3624,854637.001686
0,484913.520776
3754,146603.191086
1605,348958.418431
38755,447781.574459
350,382306.078169
250,982347.340933
1483,193992.29385
1381,401935.64941
2162,234004.2881
2,786733.911033
4374,967435.301219
781,951997.818686
1458,385237.623033
1012,367492.171019
2125,-34722.8029179
6048,426203.027132
277,1245335.06428
1368,725006.194237
327511,897652.671347
492,433467.81815
5258,1172892.53553
448,-106642.343426
2675,1416301.71134
1631,1697962.70019
1286,79767.557302
606,1072.29453141
626,3431771.96686
557,204343.609957
1219,407339.421978
178,126300.323831
970,342999.465554
461,1246814.00412
2178,271458.306701
389,1154014.88989
1808,90346.2119644
162,121120.21945
1515,980600.611477
1059,663566.992431
7159,1939655.0733
3848,114607.631401
161,-70726.0687651
721,1005616.10687
11643,809579.145713
1229,220073.283126
4965,659782.391114
85003,259990.003914
171456,756034.069526
1058,480589.226062
13525,873849.438281
3006,1048310.07095
574,372478.151453
22191,1504585.1889
135,760463.808285
217,-53397.0465356
2159,163253.111782
625,911560.251296
2631,1862324.23813
156,376236.219102
1335,223476.254339
6429,1641821.70894
196,307880.301544
283,1807768.25858
81999,915190.178075
15825,550094.861579
1161,955679.796216
721,358261.353214
823,206428.72302
297,299797.955407
626739,2134733.85878
1984861,1667686.26893
922,1013512.22359
335,266028.779412
61863223,2818527.7477
464,563017.767265
2046,2613090.59212
712,13678.152205
3098,578079.049886
233305,206964.838092
585,531910.825892
1244646,1472608.92355
692,38206.6891985
389,359968.391054
43790,1509115.61699
4355,211724.343236
123,887715.654432
2816,76235.6026531
897,719354.12268
1477,893481.686196
178182,849413.231156
151,779485.218925
848,-137198.218248
498,294495.866098
42025,1472135.83911
2214,1365666.96431
723231,2009969.77849
307,1702871.50378
166,37885.7282252
430,131769.491168
291,59956.0082232
3729,846762.084031
1249,384787.681687
268131,1217991.32373
1262,292841.785713
113200,1148450.60666
3718,767039.491476
4101,407700.893648
53523783,1697795.74411
71418,242739.129262
3035,951435.465387
1287,57171.0883989
5223,443854.283872
163,246989.765372
1058,994326.857382
2232,1049160.65399
180,588815.302441
452,483856.783522
23401,1157952.88758
3769,886890.558636
267103,1041611.43932
1439,357885.61345
1065,786612.180633
2439,418150.152678
90452,152822.263882
25484,549559.893998
1185,196785.289199
437,607257.959738
1334,359911.921349
5283,-469652.506208
57530,1685563.99266
1264,-810123.366596
438,-56547.4761264
2100,107853.045092
1195,254588.877435
191673,1038265.99637
8506,1686978.17593
384,483001.753908
7871,679161.03457
1909,1433792.81505
12722,1076835.45671
866,470089.069434
81278,33776.050697
7085,567339.509966
901,366759.134395
4029,151826.16149
328,-6080.22994301
169350,466232.42814
27468,274409.834527
717,-274811.777159
95926,620947.361498
102,1825077.62792
4470,1846907.79918
4921,518219.155999
523,-149832.153298
156510,872061.731537
709,203819.78553
526,1901955.39751
1296334,327342.810861
58252,-165856.997559
269,-198524.074585
20231,1002205.86071
43568,801872.428614
2446,2017443.11158
213,393600.107543
384,1788217.82524
285,1506966.10147
1928,-151559.838062
266236,300001.755326
1215,1998144.17285
1622,371730.800963
567,-12750.3256754
441025,-212417.544053
19861,1031007.75913
39491,2813073.08392
9740149,555654.246171
404,1170811.61274
183,1110721.55968
14653,979308.444169
7936867,1010127.11724
1202,532143.422951
36189227,167430.838185
350250,1574334.96138
27679,825989.451656
361,384555.937169
305,870922.917206
316,326715.852135
418,264053.081192
9525,286241.796363
282,-291687.715139
150,934961.178672
253,-297836.800742
308,699790.202942
104546,258327.370308
313,367531.407056
8000,590875.396878
6946,2082521.63554
12257,718059.962456
8266,651719.152938
269,945877.41699
201,921910.320551
18034,1663902.56815
1621,886246.170364
678804,635054.044091
8508153,910234.151749
597,433734.224996
8483,-134191.701924
236,1982282.23734
519,1264549.79889
1844,38286.2515
3262,1406708.81793
46040,381962.733441
1572,521674.196987
1720,153716.606733
421,2088002.91798
32304610,1700767.50657
132133,-39576.9289094
3774,1521799.99033
10254802,880509.909725
945,916227.21758
628,180236.72076
288,416402.460444
90,195206.130041
2489,734447.088473
1052,351107.292506
594712,-410890.230022
3501528,48826.4357249
417,341490.413273
19852,70449.2932559
757,370173.949106
195,348860.498926
252498,2429600.8674
3424,1127463.74665
1046,136978.390366
2305,1438670.84857
721,280553.269014
625,583762.362794
4198,424142.733829
279,-26507.4519483
403,756513.667941
417042,1744210.48543
1018,417458.981957
692892,2741146.73882
90306,1232094.71101
514298,-277294.997893
5039,3684513.3969
557447,798221.08118
512,1266115.73104
6960,1211772.82893
426,-101742.923154
821,208189.880119
6854,474105.545819
9106,888191.28854
1535,747935.555678
6493,126615.167243
302,1928439.54569
36005,1982800.54309
1917,-6327.87987776
4794,2615126.4636
662,1009571.68999
2322,304721.521574
2494,145198.281492
45586,36738.8078855
4083,572761.38091
799919,476539.404566
7948598,823341.117341
1947,976007.043858
15393,93411.2477878
2454,129600.767637
22764,991208.591867
1589,735018.866506
519,383310.678195
348,667345.586724
11338,1267483.57131
7944,666889.487675
8576,-25780.3656709
4782,710393.305864
207,792334.134502
190,1668145.48444
5263,1114957.71808
10213,708603.706206
1253,1195813.50224
963,799978.33459
758,-440318.489788
2959,734929.842602
589,797523.835482
892,-441863.641397
1485,-1119904.00998
35467,362109.660886
60099,1139716.69264
678,-89051.4329179
2416,38422.0550892
3735,-430688.084038
20505,562631.011637
135599,1150287.32445
11130,-241862.748768
356,59569.3611521
3871,691678.4354
136386,513358.492326
218,1919744.87481
244,458737.104584
1000,1140836.14524
973,497813.037263
2989,410275.441189
2130,91313.6693582
29488,503528.849002
147,203477.434717
975,1271424.68295
111,138568.043919
16539,1022898.03263
1144,194100.595603
349,-391234.648482
32973,1832217.68048
835,287531.395923
11176,269857.171514
516,179412.596546
2835,104769.319607
2667,1056847.01219
520,1558326.47105
24872,1999787.44839
577,793201.242279
3981,-341793.205438
4983,415091.026686
18837,1158093.71504
217,292559.188923
13392,493027.175018
253,357401.966287
883,411382.056386
99,404880.473562
627,166200.738075
472,608660.921764
81640,850833.89551
252,152663.118442
259,591768.68766
102297,1906722.61804
64481384,1529419.89029
619,734995.902032
907,227773.693457
1086,886996.912052
3483,1369322.64579
1340,84123.5364137
357,1311651.24772
365142,1802532.30009
2300251,1159896.26365
20997,55493.5422432
618,-377653.62039
7766,342922.674868
619,1088569.39623
3915,614968.265949
837,1689466.8416
401,664932.860106
4280,272783.390588
486,1138059.16615
1883884,2742141.07831
619,994609.059956
37614003,761426.897683
264,434049.139205
605,2442560.83555
699,446424.076362
73,888023.128785
55574,-82761.0423791
240,110337.69461
1316,408591.652875
668,562150.482344
1669,2128665.92629
145,469716.326328
173,467310.695675
7707,1268840.84268
156,1098091.13599
376,70126.4784146
837,-157461.226951
249,182173.427569
99,1053022.81469
58738,1395376.98227
2685353,1092795.21042
457,1166427.8127
2710,499309.931212
5387,-200497.824267
1175,327890.126767
641,179924.071827
427,1052278.00983
29834,456416.453248
43617,793025.878068
120,1197472.03539
5181,2392982.6897
68730,835333.55063
35608,169950.848716
861,2194852.49854
96,2121550.79868
293,406384.165344
1156,278311.277482
3271,501232.010753
248,2001129.97411
270570,1931055.52818
46492,2109496.65321
402,1262026.075
820,597442.937227
10437,297555.349971
3047,-38477.0352855
703,-392789.173179
833,841822.565641
146,1149987.82386
245,126039.022739
192,384323.465735
41725947,1080784.81822
41342,1092900.92215
69202,342586.810021
384,-305742.212121
309626,2374154.08223
5606,334225.104371
416,724834.370653
70332,503149.835781
14191,1693848.10135
3219,512833.675823
1950,1763659.66849
248184,977742.83117
69,218744.022013
1585,1924295.47386
4787,1004212.87821
288,802375.992643
87544,818952.108825
4404,599235.672901
436,602888.494892
7415,768815.448592
512726,1000896.01288
500,103198.269818
1025,2350018.00767
3002,-676088.752706
15382,147763.485399
77809,277217.457808
3875,167771.705625
2221,1001231.82701
13203,770932.264036
707,1420748.29759
4492,738408.602851
149,1226411.00241
133,1179439.54075
33983636,1307165.83406
1641,-230359.046353
5026,65911.0145268
174,-72256.062862
1270,238502.223366
532,558535.863492
834,452005.064901
305,607455.274197
406,786277.621063
261,361830.278267
2015,-410578.462363
53275,1057357.17212
36396,528368.610761
60704,184917.101158
389,319593.14784
0,388556.826704
6534,1171001.02776
24362,117434.745652
1479,-597360.538347
30795,1282203.74755
298,679159.769008
3678,957242.86648
494299,712692.523634
91599,383362.441104
426,1862731.47879
1267,466287.322067
271,1363260.71239
220,1585498.73174
38025,836416.273766
757,1848523.73828
864,-65227.4520316
323,363570.597597
2527,315876.318806
1015,-234214.77318
4116,508412.684119
179,-132997.878295
0,1718375.42206
398,32887.8340287
1094,865794.259284
209,403575.761634
489304,-12110.5241899
11865,102352.112535
307,293869.546544
4502,1042063.15061
310,-93602.8156499
3450,796036.355895
1672,18513.8462384
9420,430697.29365
414,291839.649544
1307,369974.967556
7745,733702.144091
467,1340504.63303
198,159493.991801
413,723331.791749
1988,-197561.638699
1227,463439.617404
450,120044.459424
1493,-108390.692241
17386,914502.983197
528038,1580480.82235
1156,1893780.34661
1970771,1211781.29146
1439,537299.266178
460,535500.671791
15471,1450324.74987
61653,215551.823226
14601,1464321.82658
767,763942.559127
142,-4223.88760397
3884,416158.250207
217253,673685.629445
3311,164894.886649
192,167642.938403
77,1112972.5147
84631,216635.443769
3126,404100.380285
557,277189.970812
3294,220805.138905
2025,641560.935367
357,-171122.312217
20227,1030316.47529
1500,1078516.60273
74877,269491.99046
73649,562835.675744
4138,365014.270215
1040,287878.529153
605235,1195537.7416
87,-355731.532287
841,397502.128905
263,-51462.302526
19079,831758.860344
737,133271.300049
159,219199.938075
8092,196772.808497
4939,334314.00463
3224,689535.637509
1416,1614836.0446
151,-42495.5955594
169,361131.088372
43138,217532.471468
348,386989.786246
428,229052.601628
1686,663021.088281
2480,200225.081783
75883,1065512.93962
223,968159.236585
5407,291539.066401
9069,1700721.32833
86170,1785448.77326
501,601167.264824
283,1192203.22649
121,307464.723216
95456,597147.707177
1922,1323077.93796
289,283266.190218
297455,1641458.63626
2294,814393.018906
1680,731723.972943
185,2369195.21963
872,33849.9848497
6932,1427097.31369
226,-769988.21004
194,21601.3287921
2116,629894.39984
10461,1468839.15251
628,330875.58419
247480,674746.568639
223,609891.72259
19239,-96898.3397242
3150,2111820.23612
634,537135.808067
615,1601724.56713
1635,787077.56215
2824,1032531.34568
277,827144.742001
46486,183633.433125
23058,1076841.88176
3834,1931472.70898
1447,1123107.3466
1110,603298.221156
1921,659386.045146
195,-30492.2517386
17000,226676.332653
268808,933453.805833
849,697525.103667
646,2061725.32874
132,-79294.9188062
155,173789.121632
216,696219.979471
23118,436438.682533
479,658536.581362
2806,502535.775366
2200,-381956.237622
1368,435162.526783
1496,928299.198151
1317,798862.100904
263,365679.573978
2129,-537540.006046
10292,578424.733641
571,1119581.57114
416,2334069.70481
236,-327879.137784
145112,48921.6343848
67,1130128.79591
1472,223950.994244
797271,1062359.21345
133480,812147.152013
167,-1835.99020796
194,1263755.51845
1552,762780.034199
7741,488687.757893
8665,761671.78961
1606,2232467.61744
109,234.749467627
843,142032.121205
54,1609586.97235
3050,89263.2101877
723385,529048.021484
916,355825.396677
1481,1239684.45427
267015,824995.952826
475,1527117.01856
14872,1995334.52543
2715,716766.789198
1065,1008970.35073
40115,894445.250798
266,632948.573007
332,1405381.76178
13136,19059.4411903
23519,1974361.71916
471,524618.363323
225,226222.323802
418,440657.805875
2754,-387037.267128
70969,1157196.72068
223,454116.048587
1258,379661.341473
6932,1241218.27873
439,557998.471118
1015,756701.513559
33291,1848617.39634
864,614269.682254
280,1268435.43171
36013,495019.91696
376,667615.435622
0,2997521.03682
2500,397813.271571
853455,1189696.30797
1030806,550364.89658
423389,815990.533327
1550,1483475.65853
5990,1589432.54126
1035,643170.183615
13610,1523062.3554
218,1194201.69448
847,709724.734423
237,1376053.40894
4739,1420057.73833
2223,349604.651926
1915964,547327.096263
1220,132634.347386
214,3132917.88403
357297,454944.18987
1787,295751.509199
605,791926.291077
3372,1842311.02453
389,10793.9764801
22905,1420267.43435
1937,672415.962654
956547,3443167.79434
619998,-16548.474028
15455,648781.267202
442,607439.982877
1099,413963.370002
85160,1064371.91777
291,106168.055633
212318,91897.776474
1288,438724.851581
201,18627.4014145
6976,588469.643883
37383,669624.344403
64,1202033.00627
2642,492158.662055
4528,853023.629076
6541,1657626.09289
32711,355869.381894
1554,399383.229623
126879,148111.287372
1534,-853.840763428
317,299503.514988
11993,-902618.207443
145529,370144.574402
857,1502162.21356
12071,697948.511549
1622,1439465.04941
1925,-65535.0764675
6884,123908.910645
837701,800821.416896
553,795973.606667
517,528762.998874
180,432283.203569
762,502889.231003
146,1200886.89196
43078,1045323.00384
3377,486205.888159
2502,982299.062777
65,-50057.992452
4413,283683.369436
830,264169.171059
6757,105579.061815
250,304631.487378
67927,1547087.76803
40103,1154364.77543
1781,-16838.8471793
283,358356.645026
42648,379112.414616
12967,283883.283866
76192,907100.156251
2993,978261.723896
628,447403.793525
7296,793240.123309
458,1021218.41738
431,692791.334268
60145,629164.428867
372,191338.010819
94,755637.986146
7998,957228.576169
5882,1355028.56102
643,-425587.764872
500,649224.154927
1026,697892.800619
1570,891654.292112
522,117338.576721
479,-111519.36619
42130,385676.432584
741,402919.363716
257,705541.205793
463,188608.384367
418,-52066.5543343
10309,1235825.40797
12266,845899.569279
9651,163386.834185
24004530,1147526.61228
108,481533.521363
390,-406511.108259
644500,1107659.07541
154,-18323.9492387
281,13276.08456
9795,1373523.04751
2510205,1029022.0444
1735,2201369.55265
1394,586621.600231
2992,1167564.24839
1666,923295.829125
13638,588938.30776
18539,684055.29157
754,619191.097067
16123,961815.638375
141,225137.113636
198276,653179.495989
605,307652.998869
59,662577.777325
130,62198.9834706
150,369842.557581
1273,195578.934986
2319,331173.026096
2260,-122699.592168
6403,501706.23441
809,439247.614604
2792,624388.063569
416,1297838.32089
2288,-150012.029756
10286,460761.377031
471,175691.317617
3490,474813.980861
1747,623009.085946
5676,666817.869794
859,996115.830832
3921,-110551.660072
197,913454.16072
1114,307168.135286
1106,1200788.31451
811,409258.642286
1994,637584.953829
346761,151514.224852
127,-198779.324823
5160,132478.71299
114066,381651.32294
416886,2058841.363
622,2404427.67336
521,322898.862465
65425,1392210.70975
15833,1781027.53941
1369,757841.26603
6736,1019818.21838
1888,486132.133051
673905,1756092.04456
1580,-131578.440182
3443,1117972.10338
759,874234.476876
512,872924.965101
9592878,2517176.22212
127,288279.072127
2556,153657.317186
685,65535.8319431
2504,743164.624499
721,383988.804722
9160,467001.210952
78704,2604347.05307
2466,486675.518977
614,1007637.41125
379,-262777.510258
2584,1453597.38873
2409,468455.190527
5732,776889.635289
5731,740445.771929
622,569918.755301
1888,605385.943724
1909,775422.348952
1059,145965.928829
2135,882311.482053
403,715322.609734
24453,649822.05365
634,3022462.15285
7744700,2088843.75942
6662,278423.890747
16400,48379.0274302
542,558945.162104
211,625882.401221
12202,1729181.93335
1276,210563.164096
7518,855441.525269
782,335096.839679
330,291279.805596
602,-705362.276903
2668,417693.207329
3496,806719.731596
1147,826786.675144
928378,526494.860081
184526,628882.313573
10974,-33677.3408461
1154,522113.440661
278,684100.0492
112,203.229495886
511,2630493.97891
227,891893.598091
2332,538382.186436
24423,1734880.37137
136,-84769.6447523
3061,-489258.633331
114,1410126.1302
296,5456.1499132
1449,264104.41095
1982,771137.680718
453898,-300447.6969
1069,2481481.88494
1066,777415.681078
216360,1659485.54509
768,544034.749307
3281793,654790.636556
2139,268011.934921
1731,720295.098627
7841,368453.361466
141,429977.97739
874,1048860.68841
14155,1958848.4437
1931,980674.860276
138867,437870.788397
176399,650197.874487
12888,480595.378705
11117,-304173.043547
751,223512.987217
66003,262463.591533
1383,354905.371372
232,46282.5626177
410,239400.853599
556,-60195.05199
36661,625226.01169
421,161078.294911
2648,62066.9840572
240,32139.368046
97375,894485.649139
1106,1785793.23748
19110,518172.366044
157292,1934478.55157
1151,206607.985486
20092,1464040.24928
2432,591086.011361
588168,454075.260567
9243,1153566.13294
60631,684967.513368
7142,-176353.607062
4493,337897.395016
683,469733.276191
10325,255362.958265
572,1226583.58067
358,184240.848498
1575,1774369.72667
1679,427786.406959
1850,1593081.32192
254,160432.135688
169,541138.383398
1102,215515.550624
652,419992.388912
3042,1620830.25586
11909,2080331.98416
63506,1244216.46437
530,2133892.53366
444,582867.053059
55250,880115.604327
21239,1294215.5372
437,-326072.386042
306,212239.320756
1444,999380.586108
1738,1792227.34819
758,681344.445831
2054,400238.013919
11621996,1988195.0626
565,2491953.5913
1512862,2809332.21785
323,343591.661482
6469,222655.777109
133,92742.7797917
75186,1155465.4597
79694,1531911.68689
78665,3164987.01509
111,119965.174479
3354,1869338.26121
621,1770750.88578
15774,1979032.53226
1349,1068110.51908
510,-471672.260187
280,115283.931922
65429,41035.3727614
868,-31500.2277162
641,589137.202095
8744,392829.050946
60190,622932.047639
11947,613183.89121
573,428727.424382
33248,393028.610232
394,2460698.87169
61185,2889773.67584
961,225423.390586
90915,375098.133553
33522,604115.911441
10266,969101.546725
986,710820.77415
529,464607.659485
414,2349145.23703
4924,932751.16954
4741,422437.719759
883,1743787.70733
1234,514953.160258
1534,-104247.858426
5240,2526399.5934
1376,1059721.43139
84,656762.818625
404,722000.930383
1108,98207.5948881
47613,1034324.60501
842,53676.1141943
1284,-225183.158441
444228,631434.387811
1614,277900.973894
635,733147.829512
9707,578397.05876
689,2440328.88744
130,327676.634485
2672,497769.583652
1243,1094194.59374
407,391181.478406
140,78591.1136927
2977,700216.825989
625,934537.168396
565,415754.294157
643,1701294.67731
21619,22906.0398149
16056,1595198.31655
818,461855.723171
318,675877.657864
99560,1201390.77948
9905,802413.72414
607,530457.649264
3366,-32673.9607516
6391,545605.240967
1179,518758.702148
1126,425106.332515
170464,1585711.2786
838,667156.233581
3240,527100.555219
456,291582.536702
216275,575101.16977
39939,2279061.57655
138,168738.561232
193,452403.462682
210,303832.383931
9271,873449.580614
709,-128345.073256
0,779918.099305
8495,1224950.43197
460,235570.511978
164760,656388.254185
3732,566670.272287
481,206884.448987
760,523515.952618
38,25179.839253
2782,475607.350643
197,189710.135763
264,289775.28725
544456,1126615.54822
456988,2287606.48276
234,559023.838063
735,-73007.0167276
108,1437408.35847
8079,619895.489411
21516,1094900.80947
649,-307113.440166
551,2037558.6282
1561,285179.370897
436628,100066.64211
973,423970.303475
325903,2073462.92481
3973,835500.932134
1382,467127.709471
68404,991302.775251
945,1135227.37138
3132254,1172728.26479
2237,724978.306626
3375,114568.667755
233911,123859.250585
617,497170.80218
440,213395.147706
486,-3809.80417949
370,503920.79043
7711458,653363.541179
730729,2002871.40755
10952,304894.089097
175392,610751.80267
171,375665.560496
246,295317.170915
306,972910.369186
391798,77720.1763568
118,-239826.451068
51481,968714.30283
199,-35455.3414918
289,-146433.618854
459,-666252.959501
15350,1777428.67954
6230973,787228.396671
2203,834231.284849
339,416281.990252
2749,508370.261626
14678,1867063.38944
1030,103622.425431
11101,1570725.83315
338,430845.345024
244,278696.758131
43066,1142562.89868
5038,770614.511444
3652,1051766.98193
146,173379.828314
146786,1405120.61798
244,-9149.09381224
75733754,3360654.03253
65397,896954.223558
7253,1577461.02982
330,554069.536377
431,1235830.48483
439572,1168382.02567
427,283460.419794
619,589131.013462
624,795137.945381
898,432447.975166
1970,467334.104592
2916442,1612831.60484
127153,2345591.28464
2827,720885.018536
5736,446760.936343
506,578128.368988
11947,669737.344121
285,369577.332366
2669,658113.705231
263818,1163379.40073
1075,218030.647663
24323,737614.026726
1020,-33716.5840008
1462,1678740.79137
775,664841.036475
861,1818234.35637
540,986444.727355
2524,296088.991655
18645,168776.418962
56037,958936.200061
41127,1305116.65807
1935,351981.068828
473,237102.03656
2146,376468.353619
7007,-363217.66168
907,54962.2140435
73,898926.126949
122641,419941.314574
913,-170168.933234
262411,2173468.01586
2598,168623.286177
7488541,2443384.18223
3632,1206959.72473
233,-145082.372369
811,1205660.91141
4707,269607.865292
394,165264.539091
250,664302.240374
1090,1300509.67656
160039,415170.223347
210041,992284.520183
59,1296175.04909
853,-112044.29095
859,76227.2150284
666,51708.0231256
370,188305.797764
1290,2094459.97152
1082,-259385.223598
1601,450020.305625
238092,1060416.24807
11687,401726.394491
4076,905074.765094
588,-401559.135407
1644536,-59724.1248981
5413,1311048.5963
2558,452268.739179
635,-324163.464446
4683,304633.490364
23653,1082424.80373
1172,518654.469341
916,772961.742937
459,1156850.29277
38219,2005696.20468
14411,840904.525343
13672,26166.7665479
238,183637.238957
23285159,1126895.86739
5037,-104325.49272
483,975240.818189
1620,447067.742329
4525,-53279.526824
315,746390.557068
429,421204.714788
77030,449672.787192
1772,512464.900166
135,-273708.096126
151,109297.826072
14378,1725059.80256
293,293198.192456
1669,889687.713139
19428,1646424.11501
786,850711.41073
183,86506.5776544
188,189117.633356
740,16136.870904
3321,116728.203528
900,492589.311249
7499,1530343.00286
2311,833263.587417
235,177871.198443
11204,1380745.27299
3193,1614723.00059
98,245483.493097
4854,623022.34317
2198,203789.216762
3377067,885195.692313
8006,1490691.64128
9474,-279226.744083
195,-7077.33660807
2373,-23748.2994972
807,307752.086352
1625,226811.406641
186,-61835.3388582
453,746266.877473
37271,31741.0056722
1415,626934.664087
2885,1297333.8231
8854,905807.886587
818,163511.087528
1728,-294805.224807
1417,1185593.89507
5010,442558.429092
229,87424.2950981
1252,280827.348365
1158,895495.065242
4059473,750038.806536
8799,449454.583475
3846,645972.207066
35594,494268.965122
857,339246.484682
62,93211.7394381
22057,270258.413237
2223,526967.154714
442,295052.19545
94296,308508.282071
8121,1427521.33969
686,772303.14394
17959106,584911.569865
442644,955286.301431
20760,1322853.20838
979,-6185.46532164
1594,581929.229595
60151,1783499.9125
7850,629712.620551
4613,1564334.41152
39344,889795.633635
61655,352583.109944
110322693,1008271.95531
3963,631266.358215
343,-252130.958722
30,332360.515189
115,29253.7275624
1737,324511.517893
14459,657168.235965
604764,1055295.22795
17313,759698.864955
288,477315.814028
81391,1933738.47892
6280,954985.210993
325,1455948.01837
240,1418145.09458
3796,556352.330207
497,560310.585667
25636,551940.580099
650123,2016949.67969
492,420467.285173
7656,814499.180745
528455,780678.984661
11030,555156.862331
16144,561291.43967
194,423782.494902
293,533231.181916
143,342807.068286
24728,2061211.43348
126312846,2339276.465
336,162099.087601
1660,1300638.25378
6290,1191524.0078
222,206487.587882
5493,491810.297318
16775,947296.347527
2687,586879.845649
357816,1192732.74044
0,1209878.35952
47510,1309864.3212
235,405241.94364
1258,-211236.499514
7170,774475.003968
17927,926183.574449
56068,853843.655542
296,1218995.31774
394,254320.126334
1309,764313.991586
1074,737837.731408
152923,1023281.12387
81509,441537.724957
190,484239.543587
71860,929651.32974
1578,167424.729799
3306,302874.036412
1884,381159.202403
1127,973424.123656
153,600328.003109
2386,747984.31763
313,813375.122428
0,790282.108851
346913,1048033.27935
8879,1039844.97277
43964,260689.846624
1045,223647.662524
2199,742965.426009
8683,6642.69682278
4815,825481.087261
11112,716655.586885
349,292070.822335
208,120497.946098
103165,1034301.99027
2165,1272144.77263
29,7220884.92105
7550787,598567.558856
660,180261.801953
968,601685.694501
1390,960861.304084
1412,545971.343993
1861,855412.346493
330,602321.889179
11279,592386.275815
527,864290.229227
909,290336.545606
64040,-8798.42696429
78653,2598858.50965
5469,1150234.16866
173639,1360656.70273
2005,-26048.7277985
592,826013.78493
317,863450.996534
43065,203524.297493
29549,330287.682617
1053367,1299088.52636
1257,362055.010392
602,-107909.267288
464,1653518.28266
939,2155583.41975
158,648546.124024
309,1133950.44213
5403,887080.907442
3957,-28660.0269185
294,-304626.477723
2414,408378.895509
847812,936495.108527
33591,124955.614031
138,166063.622008
11204,699322.212842
2881030,1149659.64613
1946,1046382.46971
2092,-27198.5702546
1571,993945.335537
2084,1540156.63543
20307,1332544.03806
6975593,201389.668954
2622,-220301.065651
869,861539.478528
482,675182.505269
195819,1157223.29305
1894,923977.735001
75825,846478.570526
1484,188972.837555
21351,740999.980969
2866,371619.03538
1919,402434.807267
249310,869176.895896
1161,2246148.57232
160,149996.278687
237,81036.843331
184157,109238.86563
780,35798.8279665
3573,1520771.44441
17037319,1527903.72773
399611,680022.674847
11035,944487.05761
235,1565300.7352
414,442267.187486
8274,1003609.4238
952,-176180.182363
6260,382873.676735
209,332272.524969
2227,910651.058428
1483,1178881.83263
289,1269147.08721
2731,99790.8041037
44306485,1028269.41403
991,1433907.72179
312932,817502.688098
160842,-97245.6370937
61889,129113.41192
2442,310462.190237
6611,1274842.24074
4812,1109594.613
3184,761020.787787
188,483171.189245
11563,897015.277762
3567,1573535.6503
708,706951.755605
3145,376714.389155
300,761051.199449
2497,1320499.95223
4502383,978257.540663
260997,779253.634959
28190,223262.779976
159,100991.266234
6391,1779039.08155
87449,287339.906431
5507746,609995.080594
7181,809839.174801
27799,313795.677628
352,382473.121908
2919025,736366.433188
5261,127270.136306
5188,93120.4724238
1310,632281.7082
625,1020397.31322
3297,1312970.78271
3511,475659.872493
313,235259.277884
302,46578.2372036
433,398756.238537
485,616837.724016
108791,279091.223129
3778,1903461.44346
7828,974563.978728
210,161340.78307
337538,1790699.49829
55516,53517.4972728
525,294507.252105
732,206574.973369
128386,838309.989176
4027,-18560.4190154
8649,903788.497212
632,106016.443787
277,1594977.8586
18567347,656159.162934
1074,229729.019825
1054531,1001510.31794
42496,883794.431799
1275,728724.232052
3727,643618.305919
596,345473.503882
311,300902.480908
139,48.9171307725
1810,1201772.71722
5372,1254267.6586
1627,1465509.45884
43361,495354.920529
1126,1248923.71433
792,2165167.42341
1804,1107106.32735
6307613,417866.323211
6090,421121.856936
2341,86153.3188985
107343,1240725.15191
11153,2297486.3929
3257,753560.031572
2563,246557.301396
17070,1343763.15443
138,791570.501531
14470,-15228.7912427
4110,981127.121569
92,307907.754597
3108,771503.142667
3769,249441.867822
359,495539.374006
862,624149.174801
49778,1087435.74122
1987,656975.373443
