actual,predicted
19212,2597.6644816
3797,2372.42030017
310,846.122408907
700114,2659.8673818
4365,3079.71932316
208,2492.71284162
1495,2771.07191844
759,1155.64113734
2164,1015.48361355
137,1476.87186771
1466,1210.75274838
16628,3100.10582258
64,1233.37840647
6202629,2948.65720532
119,1507.2777083
521,1649.6201647
336,2658.48042369
1914,1351.32760343
1514,2779.05178481
820,3078.65725084
320009,3321.37618268
265,2708.22583731
7484814,2871.75459134
6524,2195.62615924
1715,886.384230139
52720,2446.83484318
465,3089.74849724
819,2127.20454714
127,1913.81899002
6995,2597.94726648
1238,2798.697329
439,2174.77514165
948072,2879.97271372
3757,463.212076309
7835,1987.91594695
598380,2021.98056217
3459,1809.45319976
474,1045.56091088
2799919,2876.70621586
13714862,2656.75594024
686,490.534029924
1598589,3272.24214219
4689,3043.33416593
110275,2994.4166477
5158,2040.42030942
645,1641.87416116
368,2130.92334042
1881,2141.04388301
21618,1985.84918956
672327,2239.70882969
311,2508.54765001
10111,1236.45528258
37292,2272.70543277
165886,2214.85728951
464,2806.38088159
760,3304.63382815
438,730.277165476
2871,544.232946874
637,3079.51213669
12608,2980.60466293
963,2794.79655965
699,2918.31697807
161,2072.19806849
18506,2892.72121618
144,1714.03177582
610,1654.31781767
1630,1264.44952214
43592,2715.80828296
390226,1861.1339186
88,1121.0085967
281,868.831197264
331,623.273956829
14614,1350.12293995
15392,2826.65720532
916,1535.56782953
469,2398.47681958
2010,3035.65720532
694,2238.72608649
140,1268.83139584
595187,1882.83374543
36083,2780.16532437
582,2943.49606894
6537,3882.41547392
679,1080.6395294
184722,1700.14433468
125,1638.51657592
3176600,2268.59053017
715,1964.45803165
1061,1693.33257982
199,2729.86502566
529809,2554.86605493
799,5849.46803115
86054,3431.93463118
579304,5500.07124022
827,2013.94576096
24438,3759.98689794
442747,2321.51133295
210588,2859.43773232
256,2898.90572864
2516,3486.61202455
7850,2078.34287857
504,3220.0145628
1095,2200.69606674
5205,2969.94949223
107118,2225.1764626
649,1280.5276139
2162,2252.84438162
5506,2670.56964391
333404,2846.53398091
1032,2120.90735763
160,1371.32373428
1261,3524.97023261
67654,2063.89609948
610,1891.44631421
17555,3067.94505737
601,2932.0703343
58731,3131.66154732
1130,1140.92740402
9515,2068.03058205
9729,2787.52849824
262984,2905.39392031
264,1610.1518357
826,1481.74478027
1022,1725.6723901
262,2043.15351507
1776,40.312318877
1901,1463.49561891
4708,2742.121316
17501,1822.78171127
7959512,2919.84055695
8029,2937.70429622
4619,3018.82641239
15003,3679.61458294
1115,2978.94642497
107819,2825.82505142
8811,2530.27276996
1129893,1485.75411911
1921571,2719.51792665
86653,3097.2868266
23273,3007.88700691
135,1944.23534477
6451,3605.84480947
17344695,2635.95758425
105,2259.63308941
368,2054.74658233
3022311,3139.18444942
164216,3895.22869567
289,3275.91299502
1791,1097.23279676
6038,2224.361421
1524,3171.37485591
2923,2810.54570829
362,1706.45782054
1130,1937.55290486
25589,1961.98524932
1084,3333.25163422
2896,2568.57648069
684075,2382.66590498
6334,3006.62536098
187,2435.0990807
864,2191.22092861
14059,2746.33436789
82929,2340.79700003
1143157,3193.52849824
352,2630.17650982
30543,2857.58635528
58043,1921.75441431
6114,2230.36633262
468,3121.94838176
542,1156.61988171
401,2759.50302782
201,2606.18775854
10977871,2878.70976061
702,1502.98487265
304,2657.06916231
383,3137.88888768
328,1868.23616269
599,2255.59053017
3436,1820.84207578
257,2915.5930451
607,2021.44187856
868,6722.31949648
6476,3400.58853837
981117,1188.06182553
4396,3235.64671271
450,790.947034177
1550,2382.22281744
2346345,2906.72152431
64227,2217.65067157
315,2870.08866455
9384,2714.13010401
47228475,2213.25500757
2705,2429.4564123
2289,2318.85632558
4061,2894.56994373
37061,2245.88234202
537,2867.41005094
861,1816.50600287
848,2345.26902369
3880,1783.08463496
5168203,2976.59165513
475,1204.87734543
7457,2788.14834316
92,1422.10591513
340,2491.24697699
8007,2639.93558695
1675,2461.53276994
253,162.549937698
552,2162.19568745
438,1526.48854697
4117,3026.24097391
1702,3530.42943814
1311309,1721.04789416
137,2262.25296833
1603,-1960.26948671
849,2520.24969839
129,2101.47919659
935644,2819.36073587
715,1951.8363365
11059,2909.26600168
198,1551.07946789
2491,2664.68285133
695,1645.53959516
520704,2697.14823132
3421,1497.09895752
185336,2853.93333656
1797,2356.59053017
4775531,2946.65462934
2765,1878.94358383
1867,2439.78991006
4589,2867.39392031
1068,3156.07660083
6079642,2581.46459311
6396,2057.83623876
2155,2776.338204
3835868,2481.98822628
7671,2113.27093067
25886,1610.84920867
195239,3795.66891163
71949,2337.00632465
522,1742.05992605
672,1936.44448407
719,2201.85422788
292036,2274.17578254
520,1611.28549615
4483,3111.59672143
525,1165.31696733
891067,2577.1962548
2584224,2710.80839689
1198,2258.98048677
936,2069.17937707
460,2308.50836822
167,667.461561818
3319,2556.85750181
2326,3664.71694539
99,2816.7745129
9577,1628.43789228
6878600,3798.82492794
4080,2757.52376607
26510,2121.69796186
284,1368.31853461
1443,4142.16252718
12946,2395.59053017
3571,2130.88551342
2356,312.726495014
254,849.851999404
4106,1748.48612247
345058,2067.03961059
2412,897.347941436
4924,2981.32627499
8385544,2941.32183004
1031306,1678.20419863
2969,1335.96668765
143480,2797.25893029
5622,3186.96079363
1979,3257.61628709
248,1911.28125124
57725,2000.35986299
357,3348.36130679
42244,2410.22281744
46171,2088.6828754
3258,2687.49282093
198,465.005341633
9975,2863.88060286
892,2442.03414061
434748,2998.48040844
193,971.716095238
400,842.870408437
4867,2064.34298737
41744232,2852.8007191
2631,2098.55018026
1473,1621.42759549
241,1931.17275921
0,2914.46831091
10495,2770.08530189
168,1496.85496552
174,2115.13498718
8329,3038.03499029
112,1906.03058205
37378,2903.55239773
618,2433.73939485
18467,2651.67917865
118,1210.23280123
258,1685.57912303
592,1673.88864445
295,1949.87868538
220595,2432.03459905
334248,1534.30096146
725,2483.09763844
418,2037.72725443
195,1601.39625059
1024856,2286.46609478
3415,2576.3304747
5144,2703.54644238
636,1358.12086327
10169,2615.63269934
129,2588.68482736
5368,2514.65544259
2668,2971.54929629
963,2791.75752058
99168,2825.54097692
480,1995.43314546
4248,2884.07526829
69476,3497.17713355
1273224,1750.47840223
201,1227.85360752
3129,2891.52353134
824,2406.88946991
2130,2627.026677
77921,3754.5098302
1775229,3116.69973129
9175595,3103.8928859
1193,2223.19573912
884,2164.31017301
407,1096.78870602
194297,3131.64106556
349016,3080.65720532
128,2776.48040844
418,479.540723029
1588,2783.53849956
4491,1599.86647433
136,1212.93579276
915,2173.25770245
22178,4416.94812144
180,2182.39336045
977558,2921.86268321
24639,3080.22031773
974,1842.33061742
3783,2873.31356359
2641,248.037537551
270,1000.5157194
338121,2952.30264455
27471774,2271.16389471
9159,2965.65720532
12963,3037.05307366
2583,2790.99421102
199,2078.93872892
6122,2528.73077003
336,1916.75070745
100747,1690.38675241
316,587.419224631
289576,3876.97377439
7211,1947.40395617
779,1162.96005235
532,1102.40298554
17220,2913.51403544
1502,2293.32032697
1209,1856.12276024
17288,2110.05440471
624,3172.10371579
130,962.488750564
405,2877.65720532
310,1818.62515439
2509121,1244.09193415
4316,1531.52631902
895,2271.81192698
1205,1581.67693147
50147,1672.06823918
9594,1570.42707741
238969,2447.46648225
8407,2120.03058205
1695,2234.18311866
1135,2924.14590714
556,2758.51604913
13287752,2971.55204909
4564,1486.59562497
149,2258.59053017
849,1464.07716563
343,1626.64556698
1506,2601.3304747
2422,3366.04851719
12276034,2862.97419845
819409,2377.27431044
11154,1690.12298739
36027,2754.2114533
1295,1509.43229662
6111,3005.25757437
281447,2492.07388521
77,1645.53445548
1037,2993.64115602
16927,1724.54624497
7792,3192.22799709
161,857.839787383
2697,1809.53878686
171815,3397.74487518
1788,2124.96557459
4941,1888.5751736
670,1915.8801062
1474,1909.43888583
4849,2316.91710866
50810,3382.99117549
10024,2322.04550367
311,3293.89559776
2074,2257.12325645
5563,2109.68562142
1157,1037.56945902
10753,2981.39517632
223,113.643170176
10255,3385.04065297
50105,2358.95717935
5723,2372.10236068
1963,2348.94374272
51702,2595.23581613
16350,2115.26484927
4433,1516.88768281
384,1462.49941598
25857,1303.60099876
501800,2908.39519833
464,2716.21877093
979952,3105.29664778
1853,2568.01082897
8954506,3615.8678064
2595,2816.31491272
5732,2260.91038345
86512,1080.44160353
2932713,2624.89793395
4507,3817.01016118
1136,2632.94283747
512768,3005.46789559
1750,2265.56944766
197,1331.61764071
252601,1490.62397377
195,3022.14823898
117993,2529.34507604
10693,1235.93663557
29231,2216.81881981
2199,1904.03058205
617321,1614.83332438
2907,2770.69007238
789,1194.76784436
181,1717.6633642
1492,1601.8503301
4510,2959.10920238
718,2157.59053017
1987,1562.84211959
991680,2833.11911366
2374,1678.47037037
4641,1184.80549572
393,2833.36077926
611,1567.70997375
3031,2121.47034005
1186,2033.26342224
345,1017.94973902
31268,1698.22191084
45150,1634.60430041
204,2462.45507538
126,2516.27741715
71617,1704.38690777
285,1760.53409193
1950,3013.65332257
306,2450.85017552
1266,1793.89876574
16150,2823.65720532
1380,2609.49009318
483,1211.00333844
728,3090.90161749
6662,166.060132036
12877,2260.10815654
271,1744.71150602
186,1088.88713505
91513,1940.86093112
2059,2342.72793979
812,2665.06054355
12684,2114.2115048
1688,2554.1051647
252,2775.07980646
1917,3168.79655965
121,3042.51213669
477,2156.14026159
2607,2267.71363169
9996,1931.47099875
313,2661.10147578
31676,3010.74198414
580,1161.04863952
56706,3066.7599899
506150,2514.17535805
747,1824.84397026
3720,2652.99973907
4034,2669.82087148
8929,3291.69232385
409,2773.07049297
80783,3286.51213669
5023,2865.41542845
5111035,2807.50374256
113,1887.38088915
1039,1965.83427569
4627,2074.29134854
3430,1262.11674419
28304,1819.3361749
6260,1488.93111235
1139,2962.59524488
5548,1690.72584677
13083,1626.56148858
1129,2600.49610717
1387,1982.12958215
1276,2276.35817558
1747,417.602000583
698555,2655.69428276
157,490.147255097
65729,2757.8320134
155005,2339.16389471
660,1546.10575805
26247,1800.21744892
43894,2955.65720532
31833,2831.84082519
1491,872.441223651
227465,2678.27795763
5127,2058.8917145
1062,1897.31595264
721,1397.07906291
21733,3236.73218654
201,2849.63118714
27517,2317.0406703
1783,3129.51213669
5673,2481.23268596
2092,2153.3382844
342415,1592.29208125
286,947.628145672
1309,2598.88906619
2368,1678.0029866
53,1496.79589909
650,3150.90347186
613,2461.9505257
334,2803.65720532
672,1803.32955272
288,1298.94420641
29155245,803.406889708
3561,3026.08574093
930,2513.50000402
724,2162.79256255
400,2259.4326719
16280,2357.61106425
121,2792.5011242
8464,2067.72669087
223,2012.38945605
1390,2503.83513506
615,2635.41934618
858,2087.89142665
1003,297.91709451
12530,1933.41764859
754,2292.05354518
646,2311.32878839
86027,2806.86327343
994,2256.4895382
1529,2017.9814191
395,2272.47206073
152,1194.60875815
519,1365.26323021
176932,2150.41821832
3015,2730.2163492
2326026,2976.79880413
393,-554.974968264
437,1192.76882452
835,2577.47146609
412,1796.78842956
1057,2197.28205939
850,2046.78317183
590623,2811.24438848
1505,1195.84636373
2756,1129.32740651
2067,1996.80240909
964,3008.02715246
14416,2587.395202
378,2422.04111091
2601,2159.35398088
521,1457.11024941
1422,2503.4649422
360,442.707345796
60100,2714.96055338
112262,1836.47057307
1191,2078.38145636
62375,2391.19848608
4725,1830.87675255
187,3572.77309257
4548,2244.31730452
371,2256.60056808
608,2183.43457996
4925,2794.30385291
661,1832.49320326
257,1486.3467301
1697,2041.2156149
38227,2296.59053017
1892,2458.5371325
12727,1861.49715225
269,2316.81284316
80478,1022.46688205
21476,3908.97106207
481,2014.18051872
722,519.374233113
3674,567.013285764
1926,2783.0912077
323,1910.68856137
7677,2870.74627654
36739,3543.50960635
8133,2797.38313514
29995,2421.96737082
1490,2217.60494764
712,2359.39136907
8588,2326.67534176
68831,2400.61774274
615,1221.3235
30199,2999.87098661
249,1802.66401808
22396,2194.90700988
1496,1931.48346534
109,2966.65720532
4311,2671.14540335
8367562,3068.84364474
110,1503.08476182
475,1354.39265787
9287,2178.54821525
2436,517.194968798
12322,3094.93618895
2756,2203.02560849
13720,2934.74352559
4103,1968.36844843
112,1922.27795947
242211,2761.37589043
559,507.44723349
6315,2388.61843253
1469,2054.11277349
975,2610.86000674
92,2235.96635984
1703,2848.12524847
5890532,1797.50600287
26088,3354.15028431
1665,1263.46395182
12267,3057.26097868
3138,2738.6174515
5726,2552.59733166
8092,3368.6847409
11019109,2808.29064135
9236,1231.22458903
3055194,4305.66129122
94,1355.58971862
1000,2974.77831713
110949,3179.36339298
218,1852.58321474
539,1602.06194086
388,1609.13053841
101921,3012.29843907
89961,2917.64886901
4141,2445.82460291
727,2445.2884773
1207,2055.04508912
149,1636.08428117
1275,1795.03433895
479589,2980.14996124
2726,3086.15114124
1226,2205.75950864
127,2501.43166294
580338,2439.59753083
492405,3730.68998816
7521,4472.38657474
996,2007.09568399
200,1173.39492612
97,962.096658222
1887,2454.86677547
492,1959.45782054
899,1917.64873138
6902,2389.19557114
317,1491.50014783
532,1906.36993715
7648,1460.38897224
4406,1317.80129991
5507,2689.16327784
1108808,3068.33147748
525,342.48247497
4591,-11.3952421937
710967,1837.77491095
2549,2520.53276994
0,2235.74520625
290,399.089105364
433,1878.37564305
2031,2943.73250687
2760,2629.40805041
847,1758.03363129
129193,3079.40179871
931,1137.989086
436,1312.02344845
657,2092.05515339
684,2476.73077003
1027,812.690909015
17574,2897.65720532
41252057,2710.24097391
13425,2306.3774434
4924,1411.76187944
2761,1586.25734016
5347,3037.4682727
912,2898.99428681
137649,2176.90760639
2185,2798.83535256
133110,2231.10031268
790,5588.33614582
590,1738.3927905
367,2432.29210173
1077,2380.15687075
1346,2064.6502017
7531,1251.94105859
1028,1406.90036859
368,3217.51213669
47519,4053.72516023
5275,1602.66170673
157,1527.81944968
107,2190.43761631
434,1454.77663873
4637,2793.33867329
11190,2400.4990567
84821,1955.99967509
62392,3079.17944864
1162,1528.80542452
90,1582.07873446
3365,2419.01430596
4223,2108.46953624
371,2264.55750231
4165,2641.29676235
1669,2783.66143689
161,2133.87450093
3535,2511.3403718
2988,2766.65720532
1374,1843.42964115
519,1870.40984299
413,2748.04581384
19467,2560.27027472
17551751,2533.26119888
4255,3006.53744571
2937,2198.53453158
697,1040.53236677
23652,2191.59053017
276,1635.60518201
2706,2856.42484584
261793,3096.70113425
1226,2857.49543351
2617,2942.22409252
104846,3665.41870081
1062,2878.7364245
13857,6313.43895287
19966,1600.02465992
517,1349.73679197
542,3569.14782586
1597,2380.53738776
1206,891.431669481
1066,2327.31468361
3518,3343.33201669
4762877,2751.98733194
664,3033.07441759
4932,2897.55010392
255,2445.45456725
107090,2858.79014603
104,2620.52004644
512641,3791.81080661
35188,2954.65720532
914,1734.71841872
419,1507.29983536
327,2844.92424198
232,1433.43443314
581,1527.44851417
169,2642.88946321
412,2609.16185825
101177,2793.624256
9805732,3109.04973607
452,2086.47469899
856,379.333448428
413,2324.64104672
4518,2030.2633912
89,1224.83784981
683,2649.78792216
16621210,2819.83664289
1008,1820.97007299
263330,1767.95492694
196,2579.12418743
802,2026.85028137
5398,1575.70097237
22205,2463.647091
112,1276.48497306
1153,3031.22378325
993,2910.27406501
330,1564.19133729
6983,619.113569658
7974,2581.99421102
762,2640.53276994
116,1161.12716542
655,2763.66100134
3503,2238.32724515
311,1505.9381528
449,1530.53446784
290,1160.07961799
125926,1560.05994416
10742,1883.49440327
86180,5252.647091
666,2460.24530498
3824870,2203.88567596
342,1533.57897732
3448,2501.90117078
85611,2759.65720532
8632,2209.03199769
1591,2663.20940853
345,1989.30560106
1158,3035.11390392
133,1200.1070709
105923,1390.82134227
335,2714.24819092
117,834.366150515
12349,2738.28473962
1307,1953.27862665
510,1498.45259917
2333,3142.4936963
296410,2648.82052665
1255,2751.58545903
106,1822.43790584
2700,2443.18556465
411,2950.559017
1050,1402.88792015
0,2967.68067657
211,1104.15590679
244,2118.76554214
914883,2785.05519301
3510,2596.04680362
143895,4022.97754923
86055,1550.60909404
2124,3656.71848818
21948,2178.65094007
98,1333.79405991
180630,2621.62269022
162,2472.26897449
1155,1781.03058205
27723,2489.15564873
2926738,723.01100907
19669,2413.55386454
269,831.785638466
5523,2077.9162109
1356,744.1221285
466,1612.0613603
327536,2551.4079399
59457,1686.9865641
165,1744.60186838
320,1645.78842956
3462,2017.64779027
1026,2366.11301187
2494,320.801696246
52164,1939.91502988
5089,1817.77431969
3312,2821.30188388
166,815.634535075
1445,1294.13735358
11274,2155.80767033
2990111,2019.31195894
51659,2233.77917546
2589,2572.14934084
594475,1964.13271544
114,1733.28818411
6431,2854.2768441
4520,1925.95750621
1748,1998.64025466
555,600.673809673
113,2007.58025189
57,1551.91111488
5203,2434.50495686
5051,2221.33306826
212,1083.42523421
157464,2448.22570474
767,2701.37117001
241,1702.21623051
195,1581.58663482
478,2276.51006133
6345,2579.58733742
169883,2121.10715803
15430,2648.82996607
5768,2595.18500607
3997,1190.82943468
56455,3063.65477533
64080,2727.70909545
12722,2471.76933805
626,2283.25911352
6205,1636.24608424
566,1533.08843944
69326,2053.39655762
588198,744.91168149
389736,2540.74265189
44156,1809.79970453
1673,1638.87166086
602,1372.25901971
512,1787.90653733
1216,2021.92901884
925,1255.82560562
2909,2345.97752135
1943,1953.73751419
516660,3358.64813816
4842,2422.28758358
1479,2743.48040844
1272,2641.35028494
154,2658.45018711
1606,1558.61239415
512,1313.25041577
2195,2571.65720532
168783,2576.22666177
41163,2904.59385662
210,3753.52353431
21306,1547.47256218
95788,1166.72597288
342790,2447.22281744
2370,1768.04885206
919055,2654.25734021
2716,3072.80860375
330,253.764023506
1083,2175.58158269
213,2157.59053017
5635,2212.11001363
188,1443.72804885
1847,1679.98837352
270,2698.36249617
129,3606.68625267
33152,2222.20632482
17575,3081.67289758
514432,3994.68353231
4682,993.370959182
1022,4607.0096143
947,1990.26407284
197,1783.58175448
680,2509.81499343
12920538,2829.10538645
248,2742.76831383
6173,1483.85102301
5542,1604.01377776
3547277,2062.00077045
1600,1944.25515096
359,1970.92612906
3032,2027.73833865
1532,1543.06785147
5482,1388.9501744
308,2492.07069258
979,4613.95294786
56602,955.256096433
182,2136.76877083
7924,482.59762281
136,1463.28522446
6941,3228.53276994
284,1266.32020581
34649,3354.33405291
611,2661.49904278
11840,3463.32967662
16808,2350.85728115
19248,2832.40982963
140,2141.63319127
66,3502.09420687
938,1532.1146832
2002,1614.07919459
71020098,2032.73525819
24291,1986.12353365
64157010,3218.48236522
25853,2878.63224932
601,3055.66868919
72073,2613.00405925
117,1390.57409966
1878,757.503465214
1510,2710.53849956
45350,3033.65720532
244,2853.0411751
9978,1258.87428197
1350681,2848.08125805
1502,1631.62802198
1384,2301.16494503
447,2092.26990662
664647,1789.12673911
51323,2467.91596971
1386,2866.21372759
3202,2367.27283526
4851498,1328.51870086
169,719.625897974
9124,3196.65720532
194893,2253.16549513
573,1095.30883059
1618,1825.62844679
298,2224.70090557
1508,2085.55164254
492,1839.07324315
996,2399.11781184
3103,2318.35439303
1699,1662.08095891
2106,1411.09413787
