actual,predicted
673,2682.43862041
8236,2202.76234158
3671,2117.60750812
281,248.234244549
657,2009.07928338
2158,2108.83776387
17639,1061.32357751
7621,4362.51379899
3953,1545.08301244
71737,2370.91738826
425,2226.20852818
2083,1981.87948609
17855,3173.98957273
4246,2867.74627894
49866,1951.58589242
3283,2731.34156251
721,1831.59053017
1098,2567.67960379
2214,1467.84110274
424,2350.21466724
1612,965.847118222
728,1673.38014167
162,1773.65070942
731,1939.35391726
1019,2134.89649923
694,2711.39236224
420,2334.48934266
333,1568.61850039
214,2797.65720532
90670,1929.05296434
404,1554.43543069
9689,2691.16929579
30956,2819.65720532
19272,2924.65720532
369,2902.72606319
635,2342.59053017
5536,3130.17456928
12170946,3303.79798181
849,1656.3256506
20682,3527.67921164
1538,2297.83088032
1060,2663.08821599
112,1482.02427587
22837000,2667.16389833
635,2223.97758215
268,2991.06944839
1332,2588.79543723
610,1898.99186953
303,1835.80744862
177,1555.11545959
9961,2779.3409856
163,1451.41357198
2247,2018.6471436
910,2083.59247623
5714,2326.41402479
86,700.403152463
404,1936.21728504
319,2115.95942887
778,2733.79709633
468,1682.2392396
1930,3246.43633404
11462,2006.21704836
1768,2975.32085
920,2667.93256448
47160,1708.96810743
13551,2624.59348503
2793,809.049127902
646,2348.6271953
21175053,3174.84955471
2244,2416.61734431
628232,2177.83772075
184,4383.6044981
284,1494.49928313
270,1175.01237013
51296,1584.23824095
346,1171.50624467
21238,2805.51906163
7392,2391.96262719
122,1499.46867394
226,2927.6649268
109,1632.87840038
149072,1953.61668593
1120370,2538.89902648
3841,2665.09287907
465,1568.14799049
2646610,2533.89299117
786,2370.21671286
58796,2628.11003144
1245960,2993.96011521
8271,2077.66929247
1241,2571.81129212
552555,2850.31984406
9104,2167.01772023
47715,2542.66626555
377,2045.49279788
1172,1845.09256138
270,1620.29697372
176,1250.0917636
194,2585.57377063
263,1507.92401781
283,1731.15887633
414,2261.59889367
440,2586.33172414
8322,699.539090549
660,3492.42452983
178,2106.61569292
619,3081.92283922
1268,2976.92972179
972,1582.49205507
458,3446.90618076
2507,2322.1551263
13621,2801.67982471
1620,1656.91994752
645,2407.41206229
2282,2656.49435867
1293,3100.38674395
526,2350.92700514
160,2539.90758035
2035,1187.83420623
1546,2478.79707112
1908370,1892.85135627
1084,2654.81893749
1906,2158.89517851
1290,1987.4116056
149155,3709.80867988
179,1429.12067494
518,889.651966765
88,1877.65372332
2297,2834.95899341
344080,2964.38770131
182,1348.53778748
180,1364.00642878
26851,3331.4401299
237,1476.53641921
17405315,1686.78842956
25957,3172.34724194
1279642,2877.57830875
146884,3130.94445483
4026,2741.72761526
222640,3031.02276753
803,1667.17494241
2980,2806.65720532
27369,3146.65720532
4580,1853.34301172
951,2133.05999688
565,1720.39161571
507,2302.6209011
478,1309.44652912
5895,2930.63332337
4870,1540.94428763
644,1139.0744335
294,3493.26978447
283,3026.89352097
22124,1186.5690334
2842,2153.15361268
188097,3391.24097391
2116,3173.5138967
633,1740.55034061
310426,2196.99930916
6706,1951.01821631
352,1177.2160086
236020,1679.13407751
331,2782.45143729
1420,1490.84898251
1039,2534.99707953
35711,1369.84929526
676,2968.97816086
2049,4270.96538745
6225,4376.66114741
576,2665.93977948
431,2103.556531
320,671.943329484
187,3109.97336378
85318,2774.19650858
435,1686.81923808
708,2359.25754958
10968755,2313.57519357
3226,2998.29037805
837,2941.65720532
1014,680.592949626
588477,2938.0384959
6148,2850.31828585
3874,1589.4978762
201,1664.76457995
2926,2891.7318079
29071,2705.43015379
710,2575.2769282
154,1195.70573209
303,673.836676341
1188,1901.13061996
361,1373.59041205
3769,1909.45118041
1844,1853.24104764
6905,2689.5249895
91009,2832.98641337
52722,1803.73353602
511,2598.26546375
436,2695.72899176
897,1507.36375709
8591,1533.54130088
6773,5089.31835866
285,2331.42425501
1520,1608.28415022
1921,2706.65720532
55127,2708.87033373
362,867.343058888
803,2015.71435111
564,454.467158232
2324,1091.90220567
1310,1931.39147064
3130313,3380.66308169
52699035,2508.14365889
52418,1393.06383717
906,1543.93430305
3019,2468.43536654
3927340,2333.07953927
66935,3253.19756535
926,1120.92022318
4018,2153.20267593
936,2629.03909828
54820,4651.18231392
30031,3098.53398091
730,2010.69647503
72215,2721.26835443
13862,2314.90022336
139424,2853.64050214
388,2244.23921118
4479,2182.09889065
10920,1981.63952732
4372,2068.00817143
3389,1819.5165943
32215,3577.98942417
609,2976.1851263
1405,3329.04228333
109,993.455957697
230,1981.97596218
423,2270.4708503
13289600,938.370378152
12127,2052.7266471
113494,3135.97097107
10494,2668.40093508
333,965.666342006
776,1691.64730288
380,1703.45782054
1574,2086.34091854
1542,1408.12922985
180054,3216.3209683
94424,2181.59053017
312,1988.98132533
3314,2289.42196935
285,856.19208212
8893829,2279.9720744
273,2440.02266172
4080732,2820.84739742
348,3271.20758039
205,1770.79970453
574,2745.98987986
10674,2778.59919917
3942,2106.87310432
11706,2029.69929247
1839,2566.28040196
1432,157.777335492
142,2420.18865957
1040,2557.4039569
143,922.90391263
896,2636.71314313
291,1676.99883451
220,2046.44358776
94,1572.53349132
48601638,2086.0816568
3849,2325.24036334
441,2971.91556569
9078,2815.53061129
193,1564.82908761
51540,3654.74722718
458,1959.55183468
3507,2001.3324976
8188,2799.92022411
8972,2800.71119339
208714,862.582913008
373,2652.21938572
191,997.128844152
42535,2422.47734914
1098,2343.58614166
125,2134.00155441
641023,2387.91894845
4999,2734.57486895
1103,2377.99607758
1159,3104.87096997
1235309,1478.95000836
10028,2092.16070226
1548537,3044.29413557
4222,3492.15232674
411,3306.08838425
4449,2007.2199614
899,2980.48236522
727,1127.80319992
165664,2145.24464667
464,1578.53445548
473,1761.75553863
20463,3052.92053897
942,1745.4556789
1196,2183.05372257
39178,2944.77652551
167,2784.72327668
2682,1677.29692906
3481,2365.25783268
21850,2704.89611446
709,1854.34301172
118797,3868.18783486
6775331,1561.42369838
442,2344.59468013
68,329.851264113
27548,1393.78310038
2234,4439.4067478
350,3306.31065143
37719,2720.65720532
924,2063.20454714
2412,3355.7751442
70961,4079.30272364
9896,1883.43791619
626,2050.59053017
250,1829.99422178
125,1039.8105046
1207,3030.98709066
5178,2439.99806275
650,1871.57300723
3357,1799.81607048
4762290,3182.09253558
548,1913.03058205
5974336,2339.99220946
3674,2866.72289758
63,1872.3656311
3596,2379.90243556
1759,3929.23698132
1760,2056.72651875
7500,2768.0286269
1309,2754.2807588
39932,1321.6455893
108228,3144.73463938
1806,2624.77922713
15112,2896.69719714
1045,2410.78007202
178920,2778.09380044
28968,2642.67473851
280,3453.79053338
727,1616.18739997
851,2029.72461182
409,1985.24279945
56641,2531.86444699
323,1180.61785788
5129,2789.45975858
1090,915.817134449
50019,2209.40899566
423,1289.84700662
541,2501.67894829
725,2564.35350184
667,837.552544292
1851,1825.05437238
4730,2366.59053017
9612,2515.11746885
74562,2866.72073916
231,1429.94372792
3081,2340.44758543
40423,2820.95444833
138969,3674.07447542
7595,2548.90548807
1521,2689.65720532
621,2733.26778907
3038,2514.99274719
14036,1864.24968434
6698,1338.49094184
2712,3781.13212894
301620,2947.11003333
55072,2004.99201475
159307,2826.14203846
449,2784.1322559
6973,2789.19336605
257,2558.4104917
436,1824.2681081
322092,2439.59080119
3573,2915.90611976
324,1700.90889574
1723,2800.62549009
353,2205.74645706
17488,2428.4770283
229,1389.43762256
387,2615.98459707
969,1158.54834211
535,2532.10240383
265,2384.94950771
2636,2205.2908678
15039,1576.39930272
149,943.19208212
67461,2935.71644382
177,1816.1006429
3895,1587.97693623
9524,3193.61481851
249,1926.54398486
537,1735.45782054
1090,1716.46455688
10734,2401.37087645
2053,2662.5035368
928,658.049147204
356,3063.77336525
12622,2325.3759303
13671,1785.58157821
116,1270.6250521
511266,3590.64669908
7118212,2306.35268783
393,2054.77624355
130,524.977737878
549,2303.9476081
80098,1164.827563
313,1602.09834187
1394,2539.50748419
207,1781.45572622
185,2766.3241545
89406,2810.94250079
316197,2978.94699042
1571,1583.08564505
761,1011.65068548
170,2129.59053017
9609052,3295.18363244
31149,2592.53276994
316,2290.70499182
2384,2515.16931771
38365839,4332.65720532
11005,2115.47494773
1112,2803.48236522
22594,2809.79900545
926,1616.50538624
1197,1850.58182786
14413,1868.98146463
1513,3997.11654344
98,185.883213288
24335620,3242.63998241
93,2929.1456849
4325,1725.39048345
810,1731.18982766
171536,3130.48342342
3354,2065.81125728
647799,1713.60680474
4131,1739.30373301
426,2837.91682424
5174,1757.44051861
3284,1221.25011529
7614,3214.97920298
2899,1680.52938417
1506,1761.43665102
286,1690.96310876
637,1676.7860226
598,1786.93700607
1476,1703.6358621
179,1752.03277224
20440,2834.98941691
3858,2607.10285705
70229,1405.80756189
30577,647.595353125
3903,1768.73384962
175,3052.35794718
199,2702.81116979
7222,2533.12366595
3915,2702.0177673
648,2081.02467939
568,1662.61638427
204,1894.47101511
1937,3831.05905105
1013,1857.30367175
656,3444.67125428
6222,959.224367044
4394,1989.15488901
6144,1933.73269776
57,1620.87032233
70591,-81.5798735348
157,1635.12352102
349237,3206.59644947
5686,2727.10500064
11772,3448.67982471
66904,2082.91283188
8980224,2121.01967172
190,1148.81182493
2532,2937.65916211
773,1354.48437165
9191,2620.87372983
2298,1443.66138014
248,886.685994054
671,1798.49117854
1495,1813.83504317
6591,2573.91086229
113497,2786.96034857
1950,2943.0491571
9513,2776.9925998
80251,3887.45881687
129,1211.43786913
4683,3735.53063421
2673,414.69498326
2336026,2988.65720532
177,1303.43323389
225,1745.0944036
3726,2538.04123901
8986,1986.42540124
646,1550.56205225
26541,3837.99967508
2893,1891.98238512
521,1425.71633567
327,1149.67648773
528,2556.1417192
935,2827.97336378
1127,3044.77298685
807,2365.85873687
606,2654.1200507
5850,2796.85375163
2490,1426.54304956
724,2768.30802795
146698,2871.65720532
80,1658.11050777
347,1898.14440413
1424,2850.76874172
80949,2865.52977147
116,2213.51103647
1886,1150.92887044
106,2578.4196372
509,2818.63105139
404,2810.52594335
191,655.57194276
205618,2321.17290755
3008,1745.13459904
546,2906.15444752
358329,2403.09267217
30544,1862.14588642
724,2328.68179886
1598,2492.37883092
13583,2025.20561931
135,1688.66713942
1012,1966.85713445
135,2032.03554286
139,2207.01695821
153115,2049.13848045
679,2266.74171075
102,2309.48490609
113,1779.04738549
335675,3641.28776548
11238,4325.873264
384,1914.50600287
19685,3738.13162026
5925,2558.43553546
588,1481.9198581
284,1871.0658771
195,1535.70217932
611017,3205.65819788
1147,1589.36767948
492,1899.7172386
455,2372.99239702
2702738,2229.60026814
611,1222.83139584
580,2099.09408083
15588,1132.05865215
1140,1638.45478315
122,1584.5165943
381,2793.42999317
10708,2779.07526829
493,1267.92861753
155,1439.74113916
86331,1838.52944374
284,1652.70666951
3026,2971.15152937
419,778.472321249
74105,2087.06171929
41721,1898.88718203
2612,2289.13307179
564,901.536018273
701188,2983.11226683
11430,2872.51194365
49460,3698.34114643
182,1770.03058205
646133,2135.03194587
860,2064.56468118
296254,4960.09369593
1269,2672.92070842
100,1992.22052422
1012,3593.54333497
1667,2899.83401219
215,2188.79819363
163,1399.72879321
24318,2777.07031208
114,2074.94203246
630,2088.25994003
1560,2036.3800907
4460635,2886.65720532
658,2076.47990162
562,1972.12382521
3129,2836.42149651
14739,1350.71276948
514,2402.65755999
3216,3018.136696
325230,1662.54131039
640,2065.83276408
6976,2139.59053017
431,1532.44594946
92836,2996.64628454
2327,1628.28248187
5533,1715.54449747
518015,2859.53077784
4566,2467.75654478
14590,2881.93165839
30302,1534.40465985
396,1386.31469692
383,2751.42826399
242,1112.04116401
30357,2744.64960207
9376,2444.1848465
4739,2202.71809431
9303,1960.94463832
2913,2096.60887768
1475,1778.27692086
64932,2965.23047509
8705,2317.78687644
24365,3060.13090757
554959,4565.71294062
11271,2508.63938179
5330,2197.12406243
1554,2296.01169567
162,1428.91454563
163976,2905.41934618
931,1540.35892104
3307,2366.6107764
211,1537.47620812
356,1572.69765066
12045,2082.66087808
171,976.28666182
15810,2522.36897333
50748,2735.90059586
259582,2905.23265549
1065,2175.27431044
9515,5102.01658353
2580,1188.20102228
279,1879.23504463
19400,2833.30766607
804,2456.86989124
21531,2505.21915403
6425,3911.65537322
1099,3403.13098952
32290008,2656.06828971
411160,3333.51213669
399,1518.79174731
1839,2404.67677317
76543,3551.35766475
298,2141.20348011
3364197,3207.65720532
1095,2317.62803468
3036,2544.45429983
6800,1958.08061843
972709,3190.44140988
42779,2378.07378939
357,2119.33945787
56777,2765.65720532
1012489,1042.08102956
2904,-60.1763692105
123,1715.8626957
445,2268.57773033
3177581,2802.69626796
6985109,3734.17860732
496,1618.55585175
882,2069.3126654
822908,3135.03403305
136,1297.10761095
555,1301.51711117
9394,3827.97445637
537,659.155136337
1868265,2109.64364793
2393,2206.36243604
551,1919.38976342
1810,2196.83280338
314,2798.58059253
3069,1964.9262668
2916,1883.76710341
271,2401.37795616
5805,3203.65484234
273,3271.53331093
182,2255.16658359
21351,2813.89553711
1894,2657.46730575
3850,2255.13456666
832,1543.30867226
532,2701.91119462
16912,2964.47542652
1453,3144.33544531
298,739.966377076
1523,3885.3787221
2946,3209.91740527
3533369,3512.32505087
683,1302.62890521
453643,3736.75544163
7302,2745.62888447
2801,2562.13100373
1701,1786.21117946
6027016,2507.4681731
60768,1622.42597142
882,2107.85394706
135,2522.17216423
740538,3030.93757219
415214,3055.43398053
1947,2247.6091277
407,1484.48877807
375,1742.9620053
174790,2600.9048832
90676,2767.65720532
1127,1765.31359227
525459,2128.67057083
542,2912.71832942
1673,2947.37740141
808,1789.55282536
82604,2651.26897449
606188,3970.49141941
35865,2976.13357319
374,1344.83886933
3400,1806.63772876
7033,2926.65268977
517,2021.29680922
872,3084.49730117
246500,3228.28670165
3377,3545.37199578
945,2420.67734999
1620,1612.2529238
23994,3008.48755316
643,1837.60881828
586,2424.66348678
160,1174.73129121
2394,1189.62908057
452,1932.88589891
595251,4077.84428157
14639,3602.01113687
1907,3001.65770296
641880,2014.75167698
68748,2803.32198197
43822,2496.62668931
52363,2750.26801774
0,2001.91064581
303,1364.97810388
4225,2887.2502516
1199,735.542503839
571,2109.59053017
6729,1277.69245969
603,2983.99632413
325,1331.03359466
398,3464.70319881
129,1908.32362261
3804,2098.62156764
481,3430.29814605
700,1635.06852424
4403564,2905.64956818
60022,2851.95096663
216,2129.13803331
246,1382.50606622
267,1745.66093605
374,1569.85683548
242,3690.84017379
191,1373.03048098
611,693.90815676
171,2272.37711106
1164,2386.81266258
129,1566.94553148
10904,2830.3409856
5320,1998.48804865
7038,1999.32065474
45296,2712.73166578
107,1630.06392609
372,1638.41221245
1270,2013.57604184
419,2720.83404058
3168,2749.37934055
2044,1793.71058441
205,-339.813807108
816,3180.43663026
495,3077.3219039
1114,2287.43073875
72602,2861.01636027
847,1546.95589147
1059,1083.2476157
1415,2651.09402301
2151,1869.0347104
3276,2764.14667587
2389860,2725.58382486
561,1632.93220389
483,1337.44521446
8323,3024.40735578
7335,2074.0297147
295,1776.19755009
21696,1829.78842956
948,712.020757717
17381,3463.31800722
7186,2643.37804679
280,2935.33722724
1638,2565.16255434
1035,647.908520112
484,1465.15578119
76393,1217.62145887
31992116,3238.14143095
15993,739.117088946
431050,2563.31229403
5849,3275.16518027
5541,1940.25456356
161,978.733819711
2784,2006.71100282
575,1378.12438629
249,1564.78741817
18243,3635.66143144
251,1777.2910395
446,1435.92114551
620,919.170821266
187910,2760.76363025
97485,2543.89205896
3306,1965.10499133
465,1570.34460014
184,2431.95053767
1754,2638.971407
8723,1071.31371934
105,1560.32667646
379,1907.9294544
368,1821.5346945
3733,2715.4104917
11774,3030.5011242
17799,2183.1165508
402,1660.03347762
762875,2664.55276953
517,2447.78470165
8383,1635.47226459
10413,2583.49812991
1289,1985.50600287
802,3151.1707862
47646,2789.92601971
44208491,2475.90092971
2375897,3857.71566476
698,1304.82429789
4800,3369.99814894
264,2819.67002838
1851,1876.59942679
2258,2022.80858068
1073,1846.79512953
778,3128.65134925
6468,2331.33433861
1413,2685.19122343
1676,1408.9524019
2203,2487.01406366
5532,1429.50761304
2825,2209.56251434
267,880.154202134
408,1615.62950036
8954,2393.65409515
1037,2820.78911479
187,136.298394579
14600,3152.53398091
314,2379.53316055
5120746,2921.82180076
37690,3438.7720129
26846,2425.50096483
1716,1702.47392041
12346,2894.82087148
267,1452.82387504
230331,2841.00086945
379,1775.5709065
447,2916.46841417
2051951,3061.52973478
1475783,2216.77585482
1241,1580.23129826
188,2790.2641759
979,2060.60645332
624504,2080.50836367
1629,2998.65720532
76,2223.13094539
329,1491.32068895
846183,3047.15073623
22444,3408.13293104
1913,2157.86196675
506,2580.17115001
7175,3095.20367114
8725,67.3905733086
557,2037.27076661
904,2673.74421809
2015,2742.77473617
32774,3558.51213669
317,1677.1635592
854,3023.28766316
6183,1066.9608372
507,2563.00718102
434,1938.29632195
370,1827.21714746
2164292,3102.97336378
533,1669.57666754
18763,2519.91723202
440,2044.09399143
485,2067.121968
137,668.700864002
361,2770.73704355
1055748,3628.78094431
399,2178.13216775
4873,2357.6255248
116,1908.01368717
1167,1621.3424186
24951,3798.02302399
2143,2725.82027743
130756,1695.5179669
9926,3177.8745882
36955,1560.454883
364,936.175579595
756,2294.22281744
18894,4660.56465549
1999,2355.39686206
241,2206.18934085
9491,2675.58806402
255189,2363.49163183
20238,3212.5110712
2715,4371.40638183
1206,2507.33001059
362,1703.7857368
1891,2134.01525896
22721,2474.60459736
824,1955.17299671
4483,2020.21259966
1927,2570.3065453
14848187,3017.91878103
14323495,2425.60449595
87521,2122.26598723
907,2725.52423435
1508112,2249.92007832
16414757,1888.45262152
6662,1244.34599076
48286,3148.74735586
16703,1659.37237284
199,3045.56434938
771139,2486.15394006
357,1614.18859635
8718,2520.35472931
201,2087.08725324
166723,2955.1755775
7647,2402.45792306
2275,2523.93541831
136,2188.55758085
261594,3169.86908578
10377,2907.43063636
18435,2156.27094223
4348,2342.4696921
10805,1435.46300602
1056,1637.44132386
109,1465.2139325
49,2989.605218
1077,1390.43015002
1659,869.482634748
1273,1917.15452883
745,2324.4792252
165620,2150.03058205
9665,2769.99872292
7170,2827.33004753
315,305.291225028
262,2693.94086672
4664,2626.77203789
3734,1501.54130088
6403,2514.36424361
870,2631.76908117
588,2178.660311
21296,2034.29130213
1197,1045.62428345
5727,2605.07607765
363,2179.87537935
159528,2109.11850007
1874,2474.88457593
1561,2131.00721131
3669,1823.87298993
7586,2574.97915426
965,1038.01896975
1449,2380.00786647
230,2630.79239671
2619,2717.65720532
947,931.30971593
83589,2290.12647344
1501,1871.43081096
166,1468.79337574
682,1074.41062559
2503,2197.54006332
307,2106.86749453
127840,3022.78577806
35,598.037526125
985,3155.91592491
2181,2998.38719218
130827,3566.45087789
2212,2558.42942517
513518,2125.44182451
4201,2124.92739666
8302,2940.46015102
264,1875.27375533
32714,2416.31190226
75637,2963.24562284
161,1915.80129673
856,1663.95524838
2004,2818.83535256
112,2702.01963188
1657920,2262.26646047
20127,2466.17112168
4001,2237.08546937
